
2.8541096735175278 31.700819266977096
2.854104864122204 31.700203403419135
1.2774209234093891e-36 1.1010415134769504e-35
1.17442304878322e-74 6.493138891683065e-74
5.29684976714768e-30 1.7446150984012758e-29
2.664035131726254e-62 7.572590432229359e-62
7.819961101249426 141.36070586049973
7.819062355339202 141.2229809926393
1.1721861719824842 1.683664969190555
0.0 0.0
22.240988678188447 344.55303560425733
22.24098867818979 344.55303560424124
2238.0883251301657 11541.324128889404
2238.315733594422 11527.908837870878
1.7585541072976607 53.68569571823872
1.863546270896209 52.544519097218235
1.3097536510657128 5.998970041757753
1.2473597694972949 4.385237023581851