% # columns="iteration, evaluation, sigma, max axis length,  min axis length, all principle axes lengths  (sorted square roots of eigenvalues of C)", seed=744655, Tue Feb 25 07:19:03 2020
1 10 0.45164921941357866 1.0000450010125153 1.0 1.0 1.0000050000125 1.00001000005 1.0000150001125006 1.0000200002000015 1.0000250003125026 1.0000300004500045 1.0000350006125072 1.0000400008000108 1.0000450010125153
2 20 0.39049538375241344 1.0450880027192209 0.9278534863261327 0.9278534863261327 0.9570981505212174 0.9724417333388122 0.9812569842339436 0.9954409620495273 1.0000202730266525 1.0036850157665227 1.0047239229000726 1.012639016012678 1.0450880027192209
3 30 0.378991386204758 1.0411731177239858 0.8902670371074636 0.8902670371074636 0.9311696299629671 0.9548079410636662 0.9729751981392232 0.9839874772452666 0.9901843171890796 1.0004125095407266 1.0204042598436085 1.0379518421064358 1.0411731177239858
4 40 0.3466877250118841 1.113858993789492 0.879189077871594 0.879189077871594 0.9101337252363657 0.9392139136109767 0.9580064288193995 0.9805263848595368 0.9900832446394663 1.0056547917895595 1.0218543637164041 1.048430065220542 1.113858993789492
5 50 0.3444495419344274 1.1083508678098437 0.8470820010843088 0.8470820010843088 0.8827241536579614 0.9229841629896981 0.9498240075084577 0.980199292542838 0.9901835693129794 1.0093483221369202 1.0487857816675477 1.0724308169118717 1.1083508678098437
6 60 0.32249105148150614 1.1340013246645317 0.832756458781982 0.832756458781982 0.871178240844075 0.8944857566501191 0.9263346218254438 0.9770428988530311 0.9949261243716138 1.004166408404793 1.0690214083986762 1.0811384433438402 1.1340013246645317
7 70 0.31894144560251925 1.1259651765396872 0.8166519449073439 0.8166519449073439 0.8473258914457138 0.8809172003326249 0.9290723535520585 0.9683089670173384 0.983787991729614 1.0165092631370423 1.049104475378052 1.0684345480650568 1.1259651765396872
8 80 0.2887766180380734 1.095092976111535 0.7872675666819591 0.7872675666819591 0.8300647231941397 0.898400068807277 0.9296130118609796 0.9789509803985792 0.9829502059448243 1.0289492817677932 1.0439221674113295 1.0676892150997594 1.095092976111535
9 90 0.27914626725675257 1.0963594080657681 0.7823671672075654 0.7823671672075654 0.7918835366545519 0.901660623027313 0.9220279492771118 0.9509343387092872 0.975403008292936 1.019178058107305 1.0334114005098476 1.060236826175099 1.0963594080657681
10 100 0.2699944017982763 1.1070880949404425 0.7273800074581699 0.7273800074581699 0.7937112398553334 0.8906323138695679 0.9344072423408701 0.9574944621456231 0.973882366974171 1.0281767275288154 1.0364819616800467 1.068452549602047 1.1070880949404425
11 110 0.2595775142554504 1.106147828264272 0.6850212881471129 0.6850212881471129 0.7921943998864768 0.8813262071871185 0.9223993216899484 0.9421425348585463 0.9853348062378011 1.0333330928056172 1.0528477261802858 1.0713739310110288 1.106147828264272
12 120 0.24214608126744547 1.1041408604726837 0.6859024750029363 0.6859024750029363 0.7817505735631836 0.8836081915997298 0.8891689850295692 0.9251993212394437 0.9704811615719866 1.0181184938176502 1.0545428580350684 1.0662482751810383 1.1041408604726837
13 130 0.22869095567437564 1.1265921575978324 0.6789770480222279 0.6789770480222279 0.7857026029232159 0.8581345073559234 0.9036260576564128 0.9164840559953918 0.9497116584450905 1.015541045791338 1.0445417345530092 1.062574609524252 1.1265921575978324
14 140 0.20994148966720488 1.0891897985459225 0.6824795006311352 0.6824795006311352 0.7856791610039525 0.8414149602576003 0.898562775128572 0.917654190201867 0.9547885058873229 0.9998039101682665 1.0439240026865824 1.0551391030518873 1.0891897985459225
15 150 0.17995632152670263 1.086859974796986 0.6866474040131555 0.6866474040131555 0.7767083184655909 0.8363569638431892 0.8860426683585203 0.8956750371533391 0.932521667752041 0.9940195835384356 1.0265753451094848 1.0666752618404272 1.086859974796986
16 160 0.16117083606916321 1.0822007499170756 0.6696666624520304 0.6696666624520304 0.7556493113545094 0.8203810420420675 0.8721373777969981 0.8962996312081795 0.9228581922896076 0.9844510876277024 1.016078950198132 1.0599548853860248 1.0822007499170756
17 170 0.14856667609933918 1.0966641390471652 0.6743204040728462 0.6743204040728462 0.7662054087405339 0.8185706195168113 0.8594271965530568 0.8898031616635816 0.8995669255724406 0.9745994244395371 1.0093546037802918 1.012030765641116 1.0966641390471652
18 180 0.14024205509887724 1.0914441354336606 0.678656111923218 0.678656111923218 0.7605904514574133 0.8133525595383541 0.840434651204984 0.8754087078100902 0.8899115487662942 0.9816230039904802 1.0029045380844182 1.014339301634299 1.0914441354336606
19 190 0.13093410706801523 1.0807360097660657 0.6749901913410838 0.6749901913410838 0.7342561252557498 0.808586245549287 0.8403900819920631 0.8594859569813155 0.8886887275615972 0.9701187883690034 0.9989647748198729 1.007870135216646 1.0807360097660657
20 200 0.12627591024956844 1.092062366360137 0.6677682187820018 0.6677682187820018 0.7271872149757174 0.802731759829992 0.8080754647059787 0.8456514458818618 0.8953998582715422 0.9619253116891269 0.9754056470553334 1.0226391823743657 1.092062366360137
21 210 0.12186499878386928 1.089838493582893 0.6683612174444176 0.6683612174444176 0.7212811045488917 0.7874859331738353 0.8120369168262704 0.8347113868085448 0.8677313520275175 0.9354339185738144 0.9738245608629158 1.0270069323864695 1.089838493582893
22 220 0.11628488133227699 1.128841946373673 0.6453488849855842 0.6453488849855842 0.7078142227235803 0.7807411896565094 0.8115635821141511 0.822835327616323 0.8591667010741693 0.9299637198130765 0.9536489846206652 1.0344755660095386 1.128841946373673
23 230 0.10239960313978684 1.1122336483001665 0.6494282926811662 0.6494282926811662 0.7088083985353381 0.7642682370070619 0.7954490973496408 0.8191602950859708 0.8515116205106414 0.9109619876558075 0.9425657348962866 1.038290178860128 1.1122336483001665
24 240 0.08812914355166768 1.1046312376136762 0.6250914598392656 0.6250914598392656 0.7064692594363632 0.7422129883841752 0.7805492394061855 0.7948532186944247 0.854421584007047 0.8972540783944368 0.9345982698968106 1.0324126660988207 1.1046312376136762
25 250 0.08010133726144254 1.0984758251993154 0.6015129998593163 0.6015129998593163 0.6919211218409994 0.7364010887290424 0.7707412610688196 0.7840551925753082 0.8494102257649306 0.8894443700092695 0.9363653985463161 1.0135196126469028 1.0984758251993154
26 260 0.07823616939917194 1.1080128266872888 0.5946548503474657 0.5946548503474657 0.6766640686780725 0.7239054098021244 0.7582936044261713 0.7786789062040899 0.8417668013179027 0.8686692378465014 0.950985451409493 0.9931703024316003 1.1080128266872888
27 270 0.08184416437708594 1.0591517518285893 0.5917739450387627 0.5917739450387627 0.6819250537206814 0.6970929357154024 0.7667224058070727 0.7839505189965287 0.8465392465994852 0.8697549774933867 0.9396688055170451 0.9970214426797129 1.0591517518285893
28 280 0.07832265810596273 1.0778710643054392 0.6327043985944476 0.6327043985944476 0.6683120876112333 0.6973966388470355 0.7707290315507238 0.7865073424136336 0.7987232719156411 0.8726558502857357 0.9314727080894172 0.9919340725505728 1.0778710643054392
29 290 0.07132442326749062 1.068765117157534 0.6423194001096383 0.6423194001096383 0.6518787374891074 0.6941011811080867 0.7610776194830767 0.7799937144910336 0.7888697507768534 0.8750687821221003 0.9037777113373701 0.974731133183551 1.068765117157534
30 300 0.07103539569953485 1.0532360161643621 0.6244019024068134 0.6244019024068134 0.6481298364400906 0.6924171663264552 0.7396080463606415 0.7569597895767078 0.7984950881506576 0.8598024465800325 0.9066242975229992 0.9809339300050675 1.0532360161643621
31 310 0.06550501937381228 1.0511410045124414 0.6146166897385297 0.6146166897385297 0.6411186793488121 0.6883830214485279 0.7080442862771731 0.7537749513422934 0.8126898549448779 0.840754547989775 0.9242938338929321 0.972891520978077 1.0511410045124414
32 320 0.06035585355480306 1.027899261577091 0.6087802057976102 0.6087802057976102 0.6329297423134324 0.6914363818918229 0.7099042100303248 0.7347516590899068 0.8149212067845044 0.8237754764039503 0.9207642679238451 0.9623225637413604 1.027899261577091
33 330 0.052907072591414646 1.0169385516440543 0.6083870517989124 0.6083870517989124 0.61981774772217 0.6859829496642414 0.7047953386820687 0.7325860839548033 0.7824719410487233 0.8261290371033876 0.9018827778898709 0.9406860489135876 1.0169385516440543
34 340 0.04927651371178711 1.012145506843538 0.6025803304967581 0.6025803304967581 0.6062123051763674 0.6820764023196171 0.6889693072955416 0.7118247805674125 0.7728184426061695 0.8260841709339752 0.8773558339587504 0.9454870729752158 1.012145506843538
35 350 0.0479344974947588 1.0030130289947412 0.5823341723576411 0.5823341723576411 0.6085509643699663 0.675193528312937 0.6845955934334611 0.70788269730502 0.7569724068684931 0.8134990562349032 0.8569015123839087 0.9481428629787597 1.0030130289947412
36 360 0.04628668909176752 1.015518794537431 0.5803071155795538 0.5803071155795538 0.6026182352206877 0.6714216958927647 0.694673507824475 0.7012456700561767 0.7501521933442543 0.7776223477530058 0.8636070458333293 0.9418253975377463 1.015518794537431
37 370 0.042551157471046784 1.0081965907822876 0.5784420327119341 0.5784420327119341 0.6017663928758579 0.6516119555470573 0.684879695909301 0.7206997967630776 0.7384538518493008 0.7785567851806733 0.8581477735377941 0.9222046150582105 1.0081965907822876
38 380 0.038695722498418454 0.9636367541090524 0.5596604019411558 0.5596604019411558 0.596597621008044 0.6331668487414693 0.6840733585053845 0.7172301580187622 0.7367848941796057 0.7739326944220135 0.8565415567244736 0.9251434062479897 0.9636367541090524
39 390 0.035101879271848685 0.9651992837362076 0.5576156325293641 0.5576156325293641 0.5797838886484911 0.6248197145006565 0.6665476717556409 0.7065915331261511 0.7374838340575052 0.7628511541414239 0.8503967265934311 0.9054253781458104 0.9651992837362076
40 400 0.03283722702350086 0.9314800082612965 0.5449351515248555 0.5449351515248555 0.5875881348255945 0.6193256655537679 0.6578919577860902 0.716640376637659 0.7194328227954537 0.7675871379160447 0.8289682113247877 0.9031876505139255 0.9314800082612965
41 410 0.03203118505191237 0.9278162779518305 0.5376360602789229 0.5376360602789229 0.5764765747279679 0.6047768267707977 0.6494820601400979 0.7110488520900359 0.716799820109878 0.7733193110773682 0.8274722514611468 0.877217066033881 0.9278162779518305
42 420 0.03168229858998434 0.9549886212219884 0.5286468028216215 0.5286468028216215 0.5707746471994368 0.5990510368596783 0.6331320646125522 0.7079397665793659 0.7259953608936639 0.7682088831256204 0.8048552327650199 0.8663518754858555 0.9549886212219884
43 430 0.029495752764551977 0.9594955685340745 0.5119272748024497 0.5119272748024497 0.5559195168555395 0.5992878974778948 0.6282144078295644 0.6865084780619443 0.7414608385112204 0.7791987959737274 0.798205752706915 0.8602624471502874 0.9594955685340745
44 440 0.028539566311547297 0.9136898393554977 0.5335398198563079 0.5335398198563079 0.5553403073812129 0.5934447498637985 0.622964044247106 0.6742824379073202 0.7224297782554381 0.7777531769601367 0.8029904420009163 0.8494400653422532 0.9136898393554977
45 450 0.026499508670520762 0.9038647127165031 0.5338961561500949 0.5338961561500949 0.551478867525032 0.6066316861009882 0.6135880383629333 0.6642963755199328 0.7097704427086915 0.7848587634750444 0.7945004292329624 0.8374758898015975 0.9038647127165031
46 460 0.02332836575111744 0.9356156712425057 0.5321037244186635 0.5321037244186635 0.5390954085039583 0.5877914411927164 0.6156255610660153 0.6629239536647052 0.6993822897329911 0.7723005037198696 0.7823540992710409 0.8384173553760345 0.9356156712425057
47 470 0.021117355505977313 0.9216717716438271 0.5161676694261036 0.5161676694261036 0.5342550660233104 0.5870626162179203 0.617849021546043 0.6601620072720135 0.6771698607600939 0.7594487562350989 0.7788879625878048 0.8207621152534161 0.9216717716438271
48 480 0.017753994867973785 0.9290495121350688 0.5099749015066417 0.5099749015066417 0.5262978620110532 0.5695217323982291 0.6118188721215054 0.6476663703240014 0.6666153833140207 0.7605775059409329 0.7819544034152047 0.8130348459940889 0.9290495121350688
49 490 0.01640790673850342 0.9132205266485659 0.49556259328089963 0.49556259328089963 0.5164001800261503 0.5733967296639386 0.6121161949279088 0.6343834505402591 0.6628105982920675 0.7554530795798 0.7610512831497769 0.8072820738751799 0.9132205266485659
50 500 0.015432111591568204 0.9016573682902157 0.48062868019824984 0.48062868019824984 0.503293270592595 0.5568670681641138 0.6003230480120436 0.6320771536575863 0.6786959695670958 0.750303627996827 0.7762105946961498 0.7946531330656751 0.9016573682902157
51 510 0.013907589231288564 0.870354704075007 0.4744564121317596 0.4744564121317596 0.50138677495955 0.5605101535047603 0.5732073823244057 0.6378327963763505 0.693217578151502 0.7492639193615271 0.7602794769736276 0.7807136309275949 0.870354704075007
52 520 0.01322668601542991 0.8704845378311508 0.46742062287013353 0.46742062287013353 0.48479479478120624 0.5510621719340628 0.5653950437201446 0.6384738174367739 0.6761837466246544 0.7352223865376262 0.7545376936015927 0.7870392196529362 0.8704845378311508
53 530 0.012502402513451576 0.8558175434480915 0.46587432678638346 0.46587432678638346 0.4817069430204132 0.5448300998866755 0.5544772197731171 0.6437229780527446 0.6740261846798745 0.7141465972208033 0.7432500350079563 0.7786959284909843 0.8558175434480915
54 540 0.011258420306605678 0.8644425888238301 0.46419678916786644 0.46419678916786644 0.48485887079503664 0.5423726962174479 0.5665859363958206 0.6274019744179717 0.6459927929158791 0.7032206778072002 0.7307434270652872 0.7743750244422799 0.8644425888238301
55 550 0.010260357386884553 0.8404944516333496 0.46038564506382695 0.46038564506382695 0.47436740109495645 0.5386787712016933 0.5654946054708615 0.61380002757026 0.6468449174207419 0.7004277329853486 0.7183689258987167 0.7878607079724673 0.8404944516333496
56 560 0.009848492521222725 0.8457998814724775 0.45807382467051533 0.45807382467051533 0.4709462640629559 0.5399532660804334 0.5580764381180943 0.5769818227287992 0.6363909310217144 0.7022662069544517 0.717133322788521 0.7635792392117273 0.8457998814724775
57 570 0.008786536300411096 0.8533418958165155 0.4391976143271099 0.4391976143271099 0.4552109642992056 0.5375386728058689 0.5504387916202189 0.5945711304214946 0.6239437530052144 0.7019490947188933 0.7484476379368463 0.7548585527598092 0.8533418958165155
58 580 0.008124117226615957 0.8331987287293477 0.42875507769976584 0.42875507769976584 0.4509263515316021 0.5210261613707234 0.541448399495991 0.593843655826566 0.6256589017276689 0.7021814397736161 0.7329438742608648 0.7463713279377809 0.8331987287293477
59 590 0.007487683159033278 0.8362280653199611 0.43028085219911905 0.43028085219911905 0.45154476438670066 0.509815736130164 0.5439306953010462 0.5770341190524637 0.6181096355156326 0.6967606188000557 0.7092486002516182 0.7536234973305989 0.8362280653199611
60 600 0.007451116888771603 0.8376280521155152 0.42501359270657985 0.42501359270657985 0.4592858111347547 0.5084516874297272 0.5270708424278806 0.5673643893690326 0.6081521631321452 0.6865479744104692 0.6927030441898189 0.74594684229431 0.8376280521155152
61 610 0.008186179094140983 0.8174350207968739 0.4193693057754468 0.4193693057754468 0.45797902314860106 0.5031401924710387 0.5323697567764291 0.5656610720989093 0.6133370404829579 0.6629639754612723 0.7035434514811628 0.7456929039458355 0.8174350207968739
62 620 0.008665733529401079 0.8108530678389634 0.42938747809035743 0.42938747809035743 0.45754300005289983 0.5027886747147469 0.5328254772002291 0.573677911595513 0.6338703306499879 0.6632536769153332 0.6771707456063141 0.7229147293850576 0.8108530678389634
63 630 0.00834276116504234 0.8146882188528576 0.4337460721808659 0.4337460721808659 0.4604672452948306 0.4932062152352665 0.5237872816103597 0.5829452115511924 0.6231116853663584 0.6489871192061828 0.6961071820319303 0.7266910218657197 0.8146882188528576
64 640 0.008178697389422798 0.8171626538758382 0.4221415830527619 0.4221415830527619 0.4618202773636006 0.48066395052037614 0.5149704762906906 0.5742084322708819 0.6234771303830845 0.6445543123608888 0.6984558241855134 0.7249941245099266 0.8171626538758382
65 650 0.007672530213294151 0.8053976634405974 0.4196048790714775 0.4196048790714775 0.45898721006447124 0.47416504248676533 0.4978789212985662 0.5678433903505293 0.6287000769718581 0.6346383025147777 0.700303347279288 0.7210705855084959 0.8053976634405974
66 660 0.0073267111145789475 0.7949863946030229 0.41795331975385963 0.41795331975385963 0.4529284982621341 0.46643780801479695 0.5002544965296682 0.5637588934294527 0.608741167884021 0.6457994467102771 0.685332632808903 0.7120952326870045 0.7949863946030229
67 670 0.006750426975739099 0.7938495496349277 0.4101900861982684 0.4101900861982684 0.44804828828206855 0.4530432911362001 0.5019973297114971 0.5700361164269853 0.6071561296801338 0.6300554945829998 0.6794985867876857 0.7189400538102464 0.7938495496349277
68 680 0.006232977122145441 0.7847572179801887 0.41708098043925207 0.41708098043925207 0.44477848682296367 0.4546134146786907 0.5043568361141457 0.5650177803098259 0.5909222999107011 0.633322901635688 0.6594182959645833 0.7014097029521497 0.7847572179801887
69 690 0.0059213851146108125 0.8054074409247627 0.4161515241050218 0.4161515241050218 0.42647524655732466 0.4423496249329412 0.502005617761685 0.5494022330546201 0.5890013299358139 0.6417923249364537 0.648776219310232 0.7039026386246646 0.8054074409247627
70 700 0.005609766346333391 0.7893514825540507 0.39368387379176395 0.39368387379176395 0.4183385398206756 0.43615259835430126 0.5082204106494298 0.5572729416360699 0.5859208436302565 0.6395050739046897 0.6486788505640533 0.6959873578692601 0.7893514825540507
71 710 0.005092674007897364 0.7870154642664288 0.3885555596808387 0.3885555596808387 0.4194188328549681 0.42541800554427606 0.4990571287667788 0.5437167122748792 0.5715240857880312 0.6334631747070083 0.656608407198059 0.6936444347989765 0.7870154642664288
72 720 0.004676854402125351 0.7856401544299141 0.3744971913706245 0.3744971913706245 0.4182302193648246 0.42924527941347723 0.49383018946251755 0.5386903568860629 0.5715394184192023 0.6216739169978739 0.6544748604269821 0.6716788083404532 0.7856401544299141
73 730 0.00417392290343123 0.7644963506204481 0.37336632821766513 0.37336632821766513 0.4137275163384006 0.4177603339787539 0.48858298321947163 0.5263352440062264 0.5717731721014575 0.6290474726391719 0.6537161631461706 0.6617813614520998 0.7644963506204481
74 740 0.0038377252075871096 0.7578406228408202 0.36989106958429785 0.36989106958429785 0.40906289099952664 0.41386096157376656 0.4833719536181796 0.5242990687425602 0.5518538874833819 0.6311661847105884 0.6523498622037167 0.6611340729237797 0.7578406228408202
75 750 0.0035386182537412705 0.7469627239122701 0.3718255030101172 0.3718255030101172 0.4077258950988686 0.41568038804178103 0.47331732271676635 0.5168938677119289 0.5460929557399989 0.6224087851197142 0.6375442001852326 0.6630244893799095 0.7469627239122701
76 760 0.0031846141123133076 0.7564272848901717 0.37057733558470796 0.37057733558470796 0.4039285006608777 0.4153350004992003 0.4695376807691101 0.5008367412300853 0.5518199608273854 0.5898161124193225 0.6451423276177922 0.652268809550199 0.7564272848901717
77 770 0.003199435649297972 0.7439648625367937 0.36789158915092435 0.36789158915092435 0.39983655755974096 0.42248341504200104 0.46793613538910045 0.48838261006515077 0.5405596134635721 0.584501979153346 0.6307645997362232 0.6490552812181867 0.7439648625367937
78 780 0.0030484474390050915 0.7363697255792453 0.36498800358905303 0.36498800358905303 0.39767132909209985 0.4193637014128093 0.4724525943063756 0.5003272674018063 0.5250445461322095 0.5797168546921879 0.6213737801586496 0.638557268751132 0.7363697255792453
79 790 0.0029304842300633513 0.7164718988697214 0.36378273017648105 0.36378273017648105 0.3879642376659149 0.41677883214143463 0.47015424638593006 0.5005257647030102 0.5140517435894586 0.5794177865898829 0.6187810241825477 0.634714999380565 0.7164718988697214
80 800 0.002845452666130044 0.6999885745995701 0.3681077749264055 0.3681077749264055 0.3779472419250245 0.41755863005181143 0.4487946388141818 0.4985983202257637 0.5134660139887598 0.578901890976892 0.6157241403203244 0.6375557269355364 0.6999885745995701
81 810 0.0026848373874693568 0.6930257335111474 0.36104851958981404 0.36104851958981404 0.378406409207077 0.40425102895831533 0.4493360723854387 0.4868043478866855 0.5200037255718027 0.5888447771172277 0.6126696558902864 0.6369675788256125 0.6930257335111474
82 820 0.002412102804302662 0.6903485853328986 0.3563312071571851 0.3563312071571851 0.39004458752232635 0.40445323165275876 0.4408876575802992 0.48659734876455285 0.5195890489996239 0.5875081324984148 0.6000505708804068 0.6364239130807798 0.6903485853328986
83 830 0.002219162811591292 0.673896325898576 0.35906249306405474 0.35906249306405474 0.39694956481735905 0.4032881521835139 0.4345923578559948 0.4882118552285898 0.5211859572592564 0.5700241028099448 0.5924853343783534 0.616081182351107 0.673896325898576
84 840 0.0019921698599203548 0.667531670617117 0.3578952835531254 0.3578952835531254 0.3821134827446807 0.40224603699716355 0.4428992819721643 0.4769600033981449 0.5127014211789871 0.5733941470086474 0.5870010063829526 0.6152265864423488 0.667531670617117
85 850 0.001793353760158504 0.6675498782545733 0.35761947321922727 0.35761947321922727 0.3701390380540478 0.39469097613316384 0.4312188987841744 0.47838472298678525 0.5095614578996718 0.5734473043949736 0.5854182056862478 0.6175403813881034 0.6675498782545733
86 860 0.0016441892973654846 0.6489766928262876 0.3582726674168051 0.3582726674168051 0.366821045879825 0.3934999039141392 0.42495404210891125 0.4785381279726779 0.5086643435857231 0.5501554817569724 0.5828792092582498 0.6032867297382541 0.6489766928262876
87 870 0.0014815087283937657 0.6618780826030067 0.35374798306619176 0.35374798306619176 0.3600706209238688 0.38863615510316485 0.41498162721820614 0.47778019822753703 0.5022948641287107 0.5504280217886266 0.5559096776283521 0.601698233979875 0.6618780826030067
88 880 0.001453047040910878 0.6443390977008422 0.3526484197713508 0.3526484197713508 0.3590633986452431 0.3940540294666341 0.40164419162346077 0.4635768818059105 0.49791640708365315 0.5393052936488594 0.5510311341941458 0.6019078184211044 0.6443390977008422
89 890 0.0013569831699253678 0.6449852067264156 0.35231375948730403 0.35231375948730403 0.364799308744436 0.386100091924353 0.4004045613480747 0.45980608979654514 0.4835390502713917 0.5386947613419707 0.5513235648244698 0.5987998990986768 0.6449852067264156
90 900 0.0012810944661746037 0.6387007569189684 0.3521382009109077 0.3521382009109077 0.3603967957801172 0.38550078049298275 0.39126730904581136 0.45412594516775384 0.4805521361255641 0.5146712516466315 0.5476345425294826 0.6012085889116796 0.6387007569189684
91 910 0.001193097882135562 0.6171194774163155 0.3526790543329972 0.3526790543329972 0.3600446556044606 0.38202304645354446 0.39338300011153743 0.45604839907886546 0.4816240457307867 0.5061622785632252 0.5436823028352759 0.5768723859172243 0.6171194774163155
92 920 0.0010396804508873714 0.6115714221105651 0.35284479318314643 0.35284479318314643 0.3545521126179064 0.3754399491560052 0.3976084548706342 0.4483242739115383 0.47103366536405167 0.4999577091955356 0.534360327911521 0.579663098427099 0.6115714221105651
93 930 0.0009423406515084 0.6076353712241118 0.34034908585503 0.34034908585503 0.3538532173044498 0.37377329252614455 0.3917376077154594 0.43288438230787857 0.4674083953112653 0.5028094814866836 0.5180363314741182 0.5803099948971393 0.6076353712241118
94 940 0.0009267941065874411 0.5991027779832887 0.3416284845349342 0.3416284845349342 0.3457304318637272 0.366025995919248 0.3973138896797664 0.4263601815570092 0.4572894817173266 0.48628140784077817 0.5137360477186201 0.5795908874559402 0.5991027779832887
95 950 0.000845349509107166 0.5856203892232682 0.3423247031442134 0.3423247031442134 0.35341956638672933 0.36869863610133286 0.3885427795237579 0.4261073292352526 0.4565771632195845 0.48233494725220805 0.5216539716795909 0.5720709077383583 0.5856203892232682
96 960 0.000838849192442698 0.5834087516907819 0.33719760023756445 0.33719760023756445 0.35247702282835564 0.3620815523509602 0.3847275990708953 0.416330114960637 0.4599241488705471 0.47649752868883455 0.5207066903074337 0.5593004272317917 0.5834087516907819
97 970 0.0008122455670312305 0.5911793866484383 0.3323088296908154 0.3323088296908154 0.3478458166064922 0.3611776003802898 0.3843659674656756 0.42410982753615645 0.45397268778864547 0.4825761993239485 0.5174649425432206 0.5500274214629239 0.5911793866484383
98 980 0.0007641288138483074 0.5813457216604225 0.3186609302615435 0.3186609302615435 0.3498451935222578 0.36295252544538564 0.38023005984588043 0.4223841727187467 0.4417112962696726 0.47990300527150365 0.5200071537414412 0.5502627815547545 0.5813457216604225
99 990 0.0007058569491623758 0.5603687364531351 0.3129143261377155 0.3129143261377155 0.34534441566926183 0.3613663916319851 0.38195829113663105 0.41322027951794976 0.4461288058788258 0.480513991590045 0.518049805391289 0.5333657673744332 0.5603687364531351
100 1000 0.0006470990996036038 0.5589705397442817 0.30494546672106565 0.30494546672106565 0.34038169889539555 0.3589331529833222 0.3761033936948089 0.4003261582703802 0.4422710169529234 0.47816221277660925 0.5185495899901692 0.5322735831255797 0.5589705397442817
101 1010 0.0005998224159365435 0.5556783796605113 0.3025285150636306 0.3025285150636306 0.32867471892500943 0.35509722884191697 0.3691062043731375 0.4030354076559604 0.44277743883190535 0.47910564900184716 0.5084574464993175 0.5317441021880548 0.5556783796605113
102 1020 0.0005482131086324156 0.5558432104195289 0.3070496692657924 0.3070496692657924 0.32320203446555945 0.3539512560162519 0.3578021603544254 0.4017145710568463 0.43403019337067217 0.46589725586533637 0.49930311782776743 0.5283004681134377 0.5558432104195289
103 1030 0.0004996609133386078 0.5517332153097465 0.3086083556201041 0.3086083556201041 0.3245425082983754 0.3459508862800944 0.35554121963198027 0.3978861572749555 0.432570071781729 0.4474091919896719 0.49339751150406597 0.5195596732957106 0.5517332153097465
104 1040 0.000481332224005504 0.539756828024052 0.3086499638799083 0.3086499638799083 0.323763028923752 0.3387701508028229 0.35027925141997446 0.3999857166725535 0.42408464519843414 0.43970338622220057 0.4919728112130619 0.5078153743032421 0.539756828024052
105 1050 0.0004565755147151329 0.5523721087563783 0.3117349126364352 0.3117349126364352 0.32731421697927326 0.3339908125389871 0.34640009590486015 0.3908428956668566 0.4071761230268864 0.4293046104402596 0.4891906107345674 0.5070815570910827 0.5523721087563783
106 1060 0.0004564700122906973 0.5505100407341875 0.3070483834777021 0.3070483834777021 0.32331754889775605 0.32903026740479685 0.35370982865668754 0.38855042950874147 0.3962539852627982 0.42504557422166583 0.481533949534896 0.513949804334532 0.5505100407341875
107 1070 0.00042643165350652766 0.5423100814057176 0.3067578450679827 0.3067578450679827 0.3188763583358541 0.32713783787557255 0.3549167674684465 0.3895711961859022 0.4019784455205726 0.42084718611367217 0.48575691488107664 0.5014767653076285 0.5423100814057176
108 1080 0.0004263601816940279 0.5220579142163597 0.3070857107310034 0.3070857107310034 0.3200363571412134 0.3280034110443212 0.35071787060657034 0.37948355752750546 0.3998146158947996 0.417182669852932 0.4789606503207643 0.5036885535121496 0.5220579142163597
109 1090 0.00038614208720943083 0.5200623729720544 0.3013266092185507 0.3013266092185507 0.3205432942511973 0.3317039557600616 0.3592863568760089 0.370756002802896 0.4015404004287615 0.41056013596789054 0.4715290792192963 0.4996116324010068 0.5200623729720544
110 1100 0.00036124622018144276 0.502200726945021 0.2933674673456755 0.2933674673456755 0.3188832429348624 0.33217700874333905 0.3554974656499094 0.3729760248498999 0.39392019640119363 0.40754713386713587 0.47104151965314217 0.5011744308319585 0.502200726945021
111 1110 0.0003230292728424076 0.5003699588193894 0.2867232228907409 0.2867232228907409 0.3135874190569476 0.3316135904508973 0.3577193484919581 0.36316339089499955 0.3984444846892329 0.4062505359594691 0.4682208635297572 0.49366649444245947 0.5003699588193894
112 1120 0.00028065024753770774 0.502432479947129 0.279880474745555 0.279880474745555 0.3091570401389274 0.3249650657128614 0.3437141073816655 0.3567613350315744 0.3959994975265671 0.40767205686383423 0.45935568749682204 0.49276446855357126 0.502432479947129
113 1130 0.0002592520864742511 0.5062045050198426 0.2841946284576547 0.2841946284576547 0.3038443197123335 0.3195796876609194 0.3456971338725778 0.35076305565909616 0.3917590063520959 0.39388186457558494 0.4581371083411265 0.47588822950533866 0.5062045050198426
114 1140 0.00023997252570299077 0.5169509648484735 0.2726065136613124 0.2726065136613124 0.2963453640011369 0.31340649897970196 0.3434835147613714 0.3507582906687507 0.38542599894880936 0.394636330998799 0.45687508755733625 0.4710145394489807 0.5169509648484735
115 1150 0.00022438827602282567 0.5118162908447862 0.269902215735515 0.269902215735515 0.2961822653988464 0.3117805147247686 0.33682620854767553 0.35394867559542925 0.38430535443484976 0.39224612151362703 0.4380128422319995 0.4708307618899618 0.5118162908447862
116 1160 0.00021027153447935758 0.5066850687038325 0.2631639113108661 0.2631639113108661 0.29517447593249885 0.3102721935817474 0.3287078555852671 0.34916310788229177 0.37700900805666543 0.3953751284774863 0.43268144940504405 0.47114169137652184 0.5066850687038325
117 1170 0.00019591521785227147 0.50757115635007 0.2610300944423129 0.2610300944423129 0.2820880664592005 0.30108911989943465 0.32038213192661663 0.3544877166411191 0.3759742919131413 0.3993019022584425 0.4234223688524203 0.4720066284036668 0.50757115635007
118 1180 0.0001781926186846221 0.5061978156665262 0.2628675790722314 0.2628675790722314 0.2772076732752698 0.3024125237080323 0.30649526704976543 0.35382637070589035 0.3707598213337692 0.39981693221427 0.42211147205037125 0.4615505662671939 0.5061978156665262
119 1190 0.00015994626595794258 0.5053218351321361 0.2539225209088154 0.2539225209088154 0.2786988623773474 0.2998306061781513 0.3030217766174633 0.3546653120932842 0.3682540338674155 0.3997726874168025 0.4087619637311256 0.44914490426153497 0.5053218351321361
120 1200 0.00016101361142800572 0.5044688196214545 0.2501623827146968 0.2501623827146968 0.2788697237645656 0.2937154773644687 0.3008342014050102 0.34908300784054463 0.3542198005233889 0.39827210962204723 0.40539021543302184 0.4405384209506553 0.5044688196214545
121 1210 0.00015818727660890815 0.5131177646936743 0.24821222242859345 0.24821222242859345 0.2762530571230576 0.29826996865536193 0.30590805017049827 0.340919399336135 0.3480090402293719 0.38376416433472016 0.40682021718783995 0.43835499268127237 0.5131177646936743
122 1220 0.0001522408019008022 0.5128999558788454 0.24141620933278343 0.24141620933278343 0.281400038091027 0.29405743560252307 0.3044268074437702 0.34164964364813677 0.34640244168289713 0.3908800384113008 0.397160956213256 0.43026122990479315 0.5128999558788454
123 1230 0.0001479910283065639 0.49665023179937534 0.23666840527778565 0.23666840527778565 0.28039603860389095 0.28507609209775586 0.2983564519662391 0.3457946131998038 0.35144743759328617 0.3864476506927198 0.4014754440559125 0.4348995900929014 0.49665023179937534
124 1240 0.00013855276822493555 0.48596247148279137 0.23294252244263014 0.23294252244263014 0.2760959394926565 0.27886593670811477 0.2961293174860221 0.34100648121289234 0.3451975302692716 0.38693263778762704 0.4107612722662308 0.4308185707825377 0.48596247148279137
125 1250 0.00014520573844581047 0.4714543266919419 0.23979745163336783 0.23979745163336783 0.2758085055614619 0.2781079201913053 0.29089051420355966 0.3359280271825847 0.34590923212872954 0.377991813236778 0.40520600687644065 0.4315806997363024 0.4714543266919419
126 1260 0.00015324453600921067 0.4643941002218973 0.24674956549383065 0.24674956549383065 0.26496671115342557 0.28570830793238605 0.29414784555865603 0.33089328352195757 0.3463743520222125 0.37564810636914586 0.40458765300564736 0.42917266097255313 0.4643941002218973
127 1270 0.00015636938489072246 0.4653899457847654 0.2514957745684285 0.2514957745684285 0.2695741073453777 0.28413502151591313 0.2921499294744531 0.3224479267900088 0.3445320000987871 0.3738073702334553 0.397136055439288 0.4248690163253464 0.4653899457847654
128 1280 0.00015224778973115468 0.4609720584449825 0.2546851729523129 0.2546851729523129 0.2689670022850471 0.2818308372978285 0.2929206892243587 0.32249256582094477 0.3405931039229203 0.36420977579592956 0.39424009545270056 0.43244928060489546 0.4609720584449825
129 1290 0.00014039063099463334 0.4538964084053349 0.25326186285084257 0.25326186285084257 0.2618912430240302 0.2832667202653145 0.2895831133898431 0.3137384831905776 0.34395796235958126 0.36471834798912334 0.39456136660961716 0.42381024740795226 0.4538964084053349
130 1300 0.0001262991203028662 0.45233076854698845 0.25110805667910385 0.25110805667910385 0.2576105457385499 0.2782252054818261 0.29099704329477494 0.30455710976804523 0.33461511325950066 0.35591950076888174 0.39467734889711026 0.42388395839285015 0.45233076854698845
131 1310 0.0001168387908347171 0.44258195135326495 0.2430395854963358 0.2430395854963358 0.2546996504572698 0.2775168187044013 0.29837200806944436 0.3017871633298666 0.3279439437764963 0.35342605224952905 0.38957124085728395 0.4248551872227736 0.44258195135326495
132 1320 0.00010687792629782992 0.4424307295392313 0.2385396990633557 0.2385396990633557 0.2589623844730274 0.2736711698418342 0.2999069087444128 0.3044075150792036 0.322611536228083 0.3414774092584072 0.38177931629030193 0.41204950759048714 0.4424307295392313
133 1330 9.53317432549445e-05 0.433374450622325 0.227403734585218 0.227403734585218 0.2555228684550826 0.2708718644452068 0.30022230375660386 0.30358776128031506 0.3244289916212415 0.3397932294182459 0.38252967469475535 0.4118488303183006 0.433374450622325
134 1340 8.300633905099801e-05 0.437570988525791 0.22946165104021646 0.22946165104021646 0.2511397399420659 0.26860717336836376 0.29402978929475404 0.2998739751521404 0.3224793966630584 0.3293187008680673 0.3668432541606271 0.4114649956793729 0.437570988525791
135 1350 7.863415748164127e-05 0.4381529074459191 0.23216300432344678 0.23216300432344678 0.24134520640393756 0.26998735717907074 0.28459604036659303 0.3004606680156707 0.31446086797064393 0.3237957712001796 0.36076017689985374 0.41083556404701055 0.4381529074459191
136 1360 7.399386682208456e-05 0.43682454328962345 0.2258615992843381 0.2258615992843381 0.23785379996907532 0.2684164850251925 0.2794054566046563 0.30089086604148413 0.31433400509846393 0.32413545074515954 0.3648713822309797 0.40522722584467347 0.43682454328962345
137 1370 6.975611701367955e-05 0.4291817370129058 0.2267834020810475 0.2267834020810475 0.23865532625036684 0.26502486862235486 0.27352529764572514 0.3008362923232698 0.3079555915011456 0.3318586267585915 0.3583181649395271 0.39624115929405923 0.4291817370129058
138 1380 6.65836968618524e-05 0.42348284813814047 0.2238056515788104 0.2238056515788104 0.24046180936290543 0.26034942181027454 0.27127792262844824 0.2963272653898786 0.3040851856567299 0.327633215078348 0.3562975048567283 0.3949914057657971 0.42348284813814047
139 1390 5.879907066760702e-05 0.4078279152719403 0.2222660481321863 0.2222660481321863 0.24671651814229148 0.25452407158002527 0.2678287651369103 0.2966992786282002 0.30925942236171694 0.32511032268226053 0.3539497238614327 0.3924539633563339 0.4078279152719403
140 1400 5.4219795240048045e-05 0.4065510115763474 0.22249034648371938 0.22249034648371938 0.2359407618377879 0.24790818754373073 0.26640156511025714 0.2968535484327157 0.3008801614502471 0.3235530514134638 0.3509511233716687 0.3927304407941258 0.4065510115763474
141 1410 5.086501271725823e-05 0.4098887736454872 0.2227088317840494 0.2227088317840494 0.23493687444079858 0.25107974306597935 0.2604509447985452 0.28737780126410795 0.2988097212529179 0.3237643581054643 0.3448135101152022 0.38365805657631746 0.4098887736454872
142 1420 4.9074369575667526e-05 0.40372570018928705 0.22382036437081737 0.22382036437081737 0.2335130762368901 0.24882530251221227 0.2597919007153825 0.28398060630543903 0.29913351828809254 0.32023968289162363 0.34375532187601016 0.38090855686928277 0.40372570018928705
143 1430 4.628860641980162e-05 0.40549899145935175 0.2217822240638976 0.2217822240638976 0.22549867062328913 0.2500137397986723 0.2627590499011559 0.2777774850579322 0.294449845122095 0.31902953899960307 0.3382866519974029 0.36853377612403954 0.40549899145935175
144 1440 4.604948789690889e-05 0.397778419831221 0.2130885782600168 0.2130885782600168 0.22482251561276484 0.24724530173000447 0.26214994580125356 0.27625913754268255 0.2919983465487651 0.31588392490407957 0.34192126505169 0.3633412385472672 0.397778419831221
145 1450 4.6638868365326175e-05 0.3878002761455931 0.20932999055202534 0.20932999055202534 0.22319463159821945 0.24605022480110358 0.26203578979967684 0.27484093848830504 0.309192508239642 0.32268786571191066 0.33817226386080124 0.3604332642674413 0.3878002761455931
146 1460 4.45723783962531e-05 0.40790470515228355 0.20801022142668144 0.20801022142668144 0.22433843312670065 0.24342456910584653 0.26300936819249626 0.2718463377309772 0.29964818899798734 0.3227761024028509 0.3328851973663167 0.35575165336962 0.40790470515228355
147 1470 4.419522341515722e-05 0.4084284573792079 0.20931062351883054 0.20931062351883054 0.21384783758249765 0.23668693348028083 0.2591685310616191 0.27056228602345245 0.29833747775845365 0.3238214438957808 0.33480562889118615 0.35017065675514625 0.4084284573792079
148 1480 4.0867836642646323e-05 0.40459419485750375 0.21101058108736304 0.21101058108736304 0.21998108414419165 0.2335276666448409 0.25790246721068333 0.27473362620520586 0.30675452525277264 0.3182106836515198 0.32233926364683996 0.33670297994667187 0.40459419485750375
149 1490 3.8749806448965805e-05 0.4004558166978249 0.20879727912464124 0.20879727912464124 0.22359059442549845 0.2302764203671379 0.2579945318908463 0.2651505981608249 0.30424064219856806 0.3114615497156342 0.32156674317296247 0.3287566611287839 0.4004558166978249
150 1500 3.681765326552578e-05 0.3830865034321468 0.20783556177278922 0.20783556177278922 0.22350813961326918 0.236546721783289 0.25082917102221586 0.2655528970427472 0.303515577198145 0.3037214668470383 0.3240453068451022 0.3267566536642195 0.3830865034321468
151 1510 3.359489809022323e-05 0.38752416773089227 0.20769848532677204 0.20769848532677204 0.2227294936005542 0.2315226446891225 0.2472974654087606 0.26269262946664257 0.29362435325515235 0.30412316737749223 0.32167565603447507 0.3282827305365921 0.38752416773089227
152 1520 3.132658014910072e-05 0.3874817662609869 0.1950167469305117 0.1950167469305117 0.220970957643745 0.229339030692288 0.23989563222447055 0.2630628986547125 0.2916679989025875 0.29929008038623217 0.32205600914387245 0.3307789531282649 0.3874817662609869
153 1530 2.8532191855451923e-05 0.37434429457412566 0.195424544544837 0.195424544544837 0.21393571690148927 0.22618423613508734 0.23943510111253485 0.26120110531924534 0.2882902057276118 0.2982990689275405 0.3204305386829799 0.3325983638018957 0.37434429457412566
154 1540 2.569374208810076e-05 0.36213836439353203 0.19968033617821432 0.19968033617821432 0.21187720736488933 0.22622640033619595 0.23473750930475554 0.25169564227749264 0.2829167361606998 0.29992942517821536 0.31871210132606775 0.3275774408050897 0.36213836439353203
155 1550 2.404604244851702e-05 0.3464824700922367 0.19681002465591327 0.19681002465591327 0.21256306298037816 0.22606321035903112 0.23206603390104052 0.24566951987029131 0.2848226458819842 0.29926242700361205 0.3213905777177771 0.3245177863647102 0.3464824700922367
156 1560 2.1134670342665672e-05 0.3394899849690002 0.19321615556108632 0.19321615556108632 0.20591455321010496 0.22421137338668404 0.2334499873225734 0.2464255070759719 0.2797606253947574 0.29188639676138056 0.32185970776496564 0.33114819296907577 0.3394899849690002
157 1570 1.8694197345344694e-05 0.33644536797967173 0.18976149893773894 0.18976149893773894 0.19941536617110137 0.22139937078370156 0.2352012030852796 0.24264539509301802 0.2797602181132574 0.290332498672442 0.3104678691133903 0.32451927536881653 0.33644536797967173
158 1580 1.6152135193251332e-05 0.3361994894403131 0.1818366721587322 0.1818366721587322 0.19894713680063994 0.208603692166036 0.2351012540062667 0.23902032914408444 0.28080208876566004 0.2939408477187491 0.3077234483156238 0.32088134079904324 0.3361994894403131
159 1590 1.4306016347291212e-05 0.3330485037242795 0.18122726294642885 0.18122726294642885 0.19882093229668324 0.20695504463380107 0.22846645317808936 0.23179456757769226 0.2785516736792265 0.2858756348303076 0.301857610049088 0.31607058703346413 0.3330485037242795
160 1600 1.3354968719735362e-05 0.33751958809643823 0.1797259875771636 0.1797259875771636 0.2007616703327135 0.20348232282240156 0.22542715563159157 0.22944840824052767 0.27720645273699496 0.279120745132019 0.2928238890781631 0.31243615874059344 0.33751958809643823
161 1610 1.277648801472451e-05 0.3318841631883457 0.17284453786911327 0.17284453786911327 0.19931385768226637 0.20877825121807872 0.22527092362713075 0.2267215040815337 0.2712055354149337 0.2753696098163919 0.28297593661278075 0.31709253431730816 0.3318841631883457
162 1620 1.258565032068563e-05 0.3215012960786957 0.1740749871394942 0.1740749871394942 0.19789306219668715 0.2086829940176268 0.22256792977969522 0.2317646737354532 0.26624598137983346 0.2723046903808426 0.2861750861625309 0.30712421672108375 0.3215012960786957
163 1630 1.2257084785339222e-05 0.32000397343683673 0.17543640994659143 0.17543640994659143 0.19889146015697734 0.2007850076903412 0.21932862498953193 0.2317727842037907 0.26122687220670215 0.27108579449203696 0.2825354941360689 0.3071757115968577 0.32000397343683673
164 1640 1.1573299868102875e-05 0.3173477567339787 0.17704171127009655 0.17704171127009655 0.19539811154706044 0.20409802578947464 0.22890563708270084 0.23163582076824274 0.2567947983148084 0.26217204615151546 0.27364641095572273 0.2996124564268286 0.3173477567339787
165 1650 1.085501776962304e-05 0.314157665991757 0.1738042903167312 0.1738042903167312 0.19708529620938534 0.19927591353539037 0.23138478692202655 0.2319328303786012 0.25086110383102406 0.26062867935755785 0.27222819595180264 0.296853349919509 0.314157665991757
166 1660 1.000699877217513e-05 0.31050537498947856 0.1711166840621469 0.1711166840621469 0.1979714923037775 0.20001251606044385 0.2263539649362844 0.23193016427844654 0.25251253941643576 0.26107123876679383 0.26509323408087254 0.2908662830720429 0.31050537498947856
167 1670 9.130727053234467e-06 0.30931551256944156 0.1674267806737363 0.1674267806737363 0.19489261312929373 0.19824641809089089 0.22794222099793374 0.22928399627574353 0.2509691608727306 0.2598240152574368 0.26242075745799576 0.2894233539561065 0.30931551256944156
168 1680 8.078250618143386e-06 0.31068412440675297 0.16591765982134132 0.16591765982134132 0.1891118186908861 0.19746151182654528 0.22376139369690334 0.22596351687319952 0.24366800632301788 0.2596163258968608 0.2661255926037661 0.28115108906828806 0.31068412440675297
169 1690 7.3710065426241545e-06 0.30025252108368367 0.16548028293762249 0.16548028293762249 0.18690297824103572 0.19610065218877307 0.21862882434608671 0.22565321454859721 0.2471449441100262 0.25702792766678534 0.2642639869165518 0.2768429069188946 0.30025252108368367
170 1700 6.778924587657908e-06 0.30024569089214553 0.16540394931120467 0.16540394931120467 0.18699403100937828 0.19443586339254593 0.2131984295290367 0.2240826993516023 0.23918122499987074 0.24931817462543213 0.2613690699205371 0.27274181542111725 0.30024569089214553
171 1710 6.239957882017263e-06 0.2941649896202243 0.16375155702067237 0.16375155702067237 0.18247063761813198 0.18922824442738445 0.20857031568445095 0.21763707322072717 0.2437602133740971 0.2516749992517043 0.26461038071977866 0.2731662167790876 0.2941649896202243
172 1720 5.893668233477895e-06 0.29375891780243685 0.1639870209094865 0.1639870209094865 0.18084732409998824 0.18436168958972415 0.2062661639003119 0.21628694659486566 0.24157706180008365 0.2455611991534275 0.2601286713248151 0.27167699478951074 0.29375891780243685
173 1730 5.6339003722330785e-06 0.2978975877769302 0.1630007234107149 0.1630007234107149 0.17518127052684343 0.18149946990408966 0.20271807988623186 0.20535062455280176 0.24441874094895938 0.24603181532636892 0.25929881019686973 0.27218555008724915 0.2978975877769302
174 1740 5.330453007623727e-06 0.2939666294237405 0.16298449607466836 0.16298449607466836 0.17588138561766295 0.18110942671071883 0.19746888853566438 0.20372820096694458 0.24189299903696682 0.24748570880856152 0.25524870952918755 0.2688412622943163 0.2939666294237405
175 1750 4.868553268725539e-06 0.2908739057348927 0.16123877323391023 0.16123877323391023 0.17210197180970627 0.18128563736712922 0.19409673788325352 0.20140867532284162 0.2374753917210034 0.24957815489530402 0.2544850789234763 0.2652869180791298 0.2908739057348927
176 1760 4.40342831336513e-06 0.28849487556135944 0.159417621700942 0.159417621700942 0.1717740133481996 0.1789053014560713 0.1907772310578125 0.20069476850098011 0.22786322559708894 0.24472038422378606 0.25489160146011725 0.26092782815334886 0.28849487556135944
177 1770 3.973815270447705e-06 0.28133709790439676 0.15737237887517788 0.15737237887517788 0.16936217457699235 0.17765237563399722 0.18991386428120188 0.1950462763224261 0.2260277101827274 0.2429911388013896 0.24843470490331113 0.2632032222815975 0.28133709790439676
178 1780 3.614802049398133e-06 0.2775232263624265 0.15734441072777453 0.15734441072777453 0.16841805101742494 0.1746101708794839 0.18738851945723975 0.1937712200762535 0.22883178555961137 0.23296469507415185 0.24433810330659692 0.2638803987220098 0.2775232263624265
179 1790 3.323727968024717e-06 0.2671267255918699 0.1563137102329962 0.1563137102329962 0.16747911116936331 0.17321812675055606 0.18430075184619052 0.18986970250771698 0.22733447326570688 0.23212983301551512 0.24621357305214583 0.26128237873662485 0.2671267255918699
180 1800 2.9943488491118998e-06 0.268113486563385 0.15402692543070978 0.15402692543070978 0.16695640976165319 0.17246888471986638 0.18364410059045932 0.1875496818884711 0.21771150616356433 0.2382504262127718 0.24533043486527245 0.2486613030763593 0.268113486563385
181 1810 2.5725170628340558e-06 0.2704995104650705 0.1523352610942992 0.1523352610942992 0.16267973755197368 0.16919108679531375 0.18122006880564237 0.18809211603024023 0.2168825089216772 0.23325128880394866 0.23953645323323144 0.24675074230447966 0.2704995104650705
182 1820 2.434134779443906e-06 0.2705344545802403 0.14976167868082313 0.14976167868082313 0.16184326491079587 0.16868240160549178 0.17688943106211508 0.1789129883849736 0.21748986173311854 0.22819873967893775 0.23887680514367965 0.24494695979259118 0.2705344545802403
183 1830 2.2372401571059027e-06 0.2641685859916832 0.14912011475830128 0.14912011475830128 0.1587674424124239 0.16446969917777715 0.17502609659359936 0.17864693421469144 0.2179026512127425 0.22479027114230157 0.23771784798838028 0.25180820153758704 0.2641685859916832
184 1840 2.0648273642129757e-06 0.26540590731443664 0.14755091036423787 0.14755091036423787 0.15407785348274672 0.1623902237913083 0.1727282515415941 0.18097311291505627 0.21129751724429405 0.21863076547256372 0.24453103536772391 0.251288244676768 0.26540590731443664
185 1850 1.9324441183513646e-06 0.25783511494753886 0.1467641280948993 0.1467641280948993 0.15496260911380802 0.16315015565718669 0.17055643469804602 0.1785914856777005 0.20462554615778547 0.21575903364427676 0.24347410123175586 0.25074814750555746 0.25783511494753886
186 1860 1.7135305944514345e-06 0.25644844664239985 0.14506467452543667 0.14506467452543667 0.15214022855264206 0.16149489798321875 0.17265333657204338 0.1777287349509714 0.2064337143885059 0.2145318912272393 0.23728039076737384 0.2478786096669549 0.25644844664239985
187 1870 1.6149655838812662e-06 0.25695034858845134 0.1441018220226935 0.1441018220226935 0.1462383374839072 0.15959747248951953 0.1664708957627731 0.17617316836543698 0.20339924365270845 0.21525479488485874 0.23139275854730182 0.24375361703166712 0.25695034858845134
188 1880 1.47388506337713e-06 0.26095742425473695 0.1428214112541611 0.1428214112541611 0.14439081671190684 0.1565789804061167 0.16691544324940558 0.17090815610192278 0.200212601203197 0.213538024805424 0.23052907675361234 0.24411092280293248 0.26095742425473695
189 1890 1.4072157938851211e-06 0.25650227219398397 0.13587878545702284 0.13587878545702284 0.14336076498556272 0.15561144191272458 0.1664890784031088 0.16990317749450787 0.1984263861562196 0.2150510611785862 0.2284854902644317 0.24191662015439352 0.25650227219398397
190 1900 1.416564183812186e-06 0.2565537975822385 0.13398907096153384 0.13398907096153384 0.1467399458015345 0.15138305090373352 0.16818167157205213 0.16981233770874193 0.19740071560627007 0.20853531921463092 0.22974946992826675 0.2374434481354086 0.2565537975822385
191 1910 1.3474640654947098e-06 0.2562328742807232 0.12793991229310958 0.12793991229310958 0.14500683073625306 0.15062574938835735 0.16523427051639933 0.16747246614008118 0.1961224153657489 0.20909313917339842 0.2337670799336397 0.2381500375400605 0.2562328742807232
192 1920 1.2053914105015893e-06 0.25472891606942283 0.1263509842189467 0.1263509842189467 0.14267967031859793 0.149859830907599 0.16413529327617352 0.17174474762706773 0.19447614885459572 0.20183425632370547 0.23106737597030527 0.23464146629053287 0.25472891606942283
193 1930 1.062131676651003e-06 0.24503516858631114 0.12466114927170514 0.12466114927170514 0.1405071619037271 0.14746724339431136 0.16533010298876913 0.17441523635267858 0.1875651545938336 0.2014319455547557 0.22881958201547123 0.2356987661767507 0.24503516858631114
194 1940 9.675123475324733e-07 0.2433028748092766 0.12385667486404345 0.12385667486404345 0.13566174361228436 0.14747152718863443 0.16486575985659116 0.1729937700814359 0.18545951478042905 0.20087784695205652 0.22205694331447423 0.23204469548480022 0.2433028748092766
195 1950 9.507053886886193e-07 0.24217972260029322 0.12378419661637065 0.12378419661637065 0.13498165782199137 0.1432227925493571 0.16286446305403374 0.17259602492530143 0.18613048880441507 0.19927417756992763 0.21727724891108108 0.23225698850946316 0.24217972260029322
196 1960 8.841519289166624e-07 0.24005995654182163 0.12470732903318237 0.12470732903318237 0.13523656937240253 0.14211936851005008 0.1614753732396659 0.17018886785428874 0.19178827265248122 0.1947326938261391 0.22016971132960966 0.2307640498796405 0.24005995654182163
197 1970 8.407406945244934e-07 0.23848326664018996 0.12436389659271416 0.12436389659271416 0.13056075364321967 0.1406504937965018 0.16027978146436736 0.16768925852331187 0.1890173764118728 0.19397181284050205 0.21957933178015468 0.23077564667049041 0.23848326664018996
198 1980 8.093336502225715e-07 0.23646130046195354 0.12364085048522921 0.12364085048522921 0.1300993744883877 0.1441273125995115 0.15907785706283026 0.1682415090204733 0.18389121836931546 0.19181796052926806 0.22125171880171038 0.2217469372884601 0.23646130046195354
199 1990 7.786337813647276e-07 0.23025326705419727 0.12193306638453814 0.12193306638453814 0.12948242756454795 0.14422318228843936 0.1596358753842431 0.16932103881081742 0.18271102999203792 0.19160530395272282 0.21222800136541173 0.22021736978506107 0.23025326705419727
200 2000 7.62882580970161e-07 0.223168698937844 0.12153559971530162 0.12153559971530162 0.12876294991948456 0.14037803518802777 0.16266211162458633 0.16727289152094307 0.18007585444085325 0.19270785668544044 0.20706618893168935 0.220369468473778 0.223168698937844
201 2010 7.191920253027151e-07 0.22139625065000346 0.12119668323113782 0.12119668323113782 0.13074919298206727 0.14051372315776076 0.15533721280324864 0.1638620856102381 0.17694895839594477 0.19305819285321466 0.2081640333205559 0.21747238154950055 0.22139625065000346
202 2020 7.149639610919072e-07 0.22480572675093527 0.12059169233705416 0.12059169233705416 0.12895469499682383 0.13987795722361435 0.15765808722488828 0.16012661973574485 0.17047751878020376 0.19146681910351723 0.20483991556434084 0.21657276288132454 0.22480572675093527
203 2030 6.241219424172704e-07 0.2281046975854324 0.12194287594432236 0.12194287594432236 0.13020886052447234 0.13977689766602247 0.15718128242488824 0.15839569532031555 0.16870325695911537 0.1863310987727147 0.1983741582245796 0.21486671068899874 0.2281046975854324
204 2040 5.906198549288435e-07 0.22815336258438634 0.11839303582364093 0.11839303582364093 0.12994472263038354 0.14090039232926913 0.15326317585419788 0.1551469035958097 0.167543844490245 0.18723155469125777 0.20066630032478766 0.20919574021632611 0.22815336258438634
205 2050 5.082154958759596e-07 0.22343042569946714 0.11810506589959316 0.11810506589959316 0.12792109275321514 0.14080931396412877 0.15210140263728938 0.15518355058598413 0.16344330793526887 0.18811752298153173 0.1981197740994012 0.21072931965627734 0.22343042569946714
206 2060 5.057013460497214e-07 0.22091953240379295 0.11716502335592857 0.11716502335592857 0.12641327578076225 0.14000034636949782 0.14910427422461572 0.15310593812766038 0.15728062644227997 0.18778685796666061 0.1959491023846857 0.20874972112921186 0.22091953240379295
207 2070 5.160309951506821e-07 0.22541717189338997 0.11490914823834121 0.11490914823834121 0.1284325054704392 0.13999000173229217 0.14628596075539216 0.15236287265321097 0.15658661253829703 0.18309904927446194 0.1989645297754827 0.2094135464480084 0.22541717189338997
208 2080 4.902607611519033e-07 0.22282191471915883 0.1159724782986115 0.1159724782986115 0.13145653092386822 0.13994910050891543 0.1439490543875688 0.15404260129469582 0.16016601187767604 0.17742621885022825 0.19531643450652042 0.20661356433425232 0.22282191471915883
209 2090 4.538369615838307e-07 0.2212166444248626 0.1119961798532447 0.1119961798532447 0.1332619961371357 0.13844756175379822 0.1441232140655457 0.15370702639652928 0.1644026950891705 0.1724891312656376 0.19225351045029415 0.20532328112930823 0.2212166444248626
210 2100 4.038497426528293e-07 0.21240579849369787 0.11083441043507339 0.11083441043507339 0.13339311008227775 0.1387447776109696 0.14266828073791174 0.1535848407048205 0.16555028309884734 0.17177925706772923 0.18794684081961785 0.20188355878989303 0.21240579849369787
211 2110 3.500240877560981e-07 0.20847223026659004 0.10935176025280008 0.10935176025280008 0.13269537311130608 0.13894198826170645 0.1416584556474159 0.15069737289431123 0.16564166689720003 0.17272991561623033 0.18366849113184022 0.19545924912144272 0.20847223026659004
212 2120 3.26928653869128e-07 0.20232572237658525 0.10899507919412921 0.10899507919412921 0.13037319635959987 0.1393137253375186 0.14139592123968914 0.1512305126705695 0.16171161012738122 0.16885566790033352 0.18036881909291513 0.19527572243883076 0.20232572237658525
213 2130 3.0811333588285625e-07 0.19789790541979638 0.1075373388055279 0.1075373388055279 0.1304183217689819 0.13357059723087064 0.13854816812374504 0.14952028129017586 0.16251547848373812 0.1705190563660925 0.17976484526286443 0.19321349840299104 0.19789790541979638
214 2140 2.9269332526244416e-07 0.19952904612279235 0.10717907910993363 0.10717907910993363 0.1312144567143791 0.13207608113904845 0.13559213158641079 0.1481146885238242 0.15858535409335525 0.16993862591979284 0.17667295216141243 0.19217202941981193 0.19952904612279235
215 2150 2.5802790443577437e-07 0.1987521215769974 0.10436280182370114 0.10436280182370114 0.12851076581251597 0.1340477105005277 0.1345776744036787 0.1496416620299514 0.15295619918541614 0.16943777538579857 0.17482491554654284 0.19788766689353166 0.1987521215769974
216 2160 2.433257465062985e-07 0.1987173380946277 0.10258326133735826 0.10258326133735826 0.1293199282144633 0.1321951856454404 0.132291710660074 0.14995707455329824 0.15376019572912517 0.16300487131453506 0.17472494928537213 0.19373037999979162 0.1987173380946277
217 2170 2.3583009769366942e-07 0.1953018642659321 0.10239829762818016 0.10239829762818016 0.12369007989813864 0.131591769277716 0.1318559158619096 0.1474877523181508 0.15068938466900433 0.16426145214533255 0.1775208552288965 0.19023208036270337 0.1953018642659321
218 2180 2.0878461860292477e-07 0.19432877823430297 0.09949663020073014 0.09949663020073014 0.12361940326186 0.12966869381897983 0.1350867306935979 0.147302769965552 0.15034962283871578 0.16505856745837602 0.1727645145575646 0.18885359087396839 0.19432877823430297
219 2190 1.9340646629016705e-07 0.19270809427060157 0.09899981513996714 0.09899981513996714 0.11941351756664995 0.1259706750558441 0.13258608861886934 0.14589385401602767 0.14951498944402322 0.16509438772848842 0.17325319034047398 0.18676889883119477 0.19270809427060157
220 2200 1.8012304468056948e-07 0.19222307412763878 0.09901498387024922 0.09901498387024922 0.11483335119421664 0.12466432240049567 0.13007901946988149 0.1402791211702856 0.1516923995666952 0.16698318502874332 0.17143603194286158 0.18655217435408478 0.19222307412763878
221 2210 1.6413001551309418e-07 0.1932821514132755 0.09735431375572001 0.09735431375572001 0.11476668192717666 0.12380994320801748 0.13093767268461695 0.13947424694194172 0.1476351514652346 0.15896416569970367 0.16981917245080175 0.18672624650890607 0.1932821514132755
222 2220 1.5902483500443347e-07 0.19286446933415388 0.09508374457413186 0.09508374457413186 0.11444629264038862 0.12379349823022817 0.1308268965805991 0.1363427133023375 0.1479058673268575 0.15909204504641636 0.17140914895445655 0.17781046107390536 0.19286446933415388
223 2230 1.522234329189231e-07 0.19088816352305474 0.09646739292198697 0.09646739292198697 0.11339509885128665 0.11691397476633288 0.12957830537603 0.13564429667727296 0.14757983419360038 0.15857886809403515 0.1722972289954856 0.17910235575646855 0.19088816352305474
224 2240 1.4161132194608086e-07 0.19181849216662542 0.09661930411969011 0.09661930411969011 0.11004052879491408 0.11775471568739684 0.12443185371176463 0.1361467078733565 0.14755865579388727 0.15642346729978265 0.16916835089179683 0.17741586612775073 0.19181849216662542
225 2250 1.334458947323079e-07 0.19257289161075927 0.09731276326203409 0.09731276326203409 0.11060949920116937 0.11677471089356221 0.12140883148397773 0.13529521620576299 0.13958982489691163 0.15485096640998752 0.16603817807266286 0.17775993014147287 0.19257289161075927
226 2260 1.2955752608839313e-07 0.1933885699284765 0.09341816597724663 0.09341816597724663 0.10957782943514814 0.11660615705247883 0.11994275125785865 0.13332731789410932 0.13971778106175292 0.1528558407067702 0.16814212261848674 0.17460474601600648 0.1933885699284765
227 2270 1.205113646394939e-07 0.19773393671798 0.09211284543069154 0.09211284543069154 0.10896940516202293 0.11528770090774719 0.11830739247049445 0.130888940707183 0.139527095565994 0.15199176787141555 0.16403357891744685 0.17601509514185557 0.19773393671798
228 2280 1.2403776324078074e-07 0.1947390309860907 0.09175276137642198 0.09175276137642198 0.10858863381264636 0.1120779268225741 0.11574196878212051 0.12994016707910558 0.13906791569156568 0.14840395654438665 0.1636241665803218 0.17429381478238914 0.1947390309860907
229 2290 1.197217856907175e-07 0.19532112094367518 0.09709174835509904 0.09709174835509904 0.1077794377724326 0.11454958221510289 0.11531548745981551 0.12902220712074236 0.13836165836255498 0.14746276964669996 0.1590904258653909 0.1738491199058387 0.19532112094367518
230 2300 1.0807044353541925e-07 0.19496332168889915 0.09696504620894884 0.09696504620894884 0.10555909508573968 0.11446499694286441 0.11557521980024496 0.12991120164709613 0.13945263452593382 0.1429207143828144 0.15704390097667834 0.1699911530073101 0.19496332168889915
231 2310 1.0016416631421194e-07 0.1959103471368087 0.09576204884689449 0.09576204884689449 0.10510823716035193 0.11173945467737217 0.11651791106841729 0.12550445826819248 0.13961673546511097 0.1409776345492829 0.1539565485071601 0.16690858750652762 0.1959103471368087
232 2320 9.689968824142657e-08 0.19304023230711617 0.09334536249969451 0.09334536249969451 0.10364208529547915 0.1082497938905152 0.11572453737964704 0.12360527494956387 0.13759021665992457 0.14003516272754324 0.1545957195816499 0.1691430875065041 0.19304023230711617
233 2330 9.654107958815842e-08 0.19357691031216961 0.09846150533175456 0.09846150533175456 0.10404062610556199 0.10528339671457858 0.11302151594209545 0.1226574929846499 0.13422921652080702 0.14057737132139872 0.15412143411638474 0.16574479831235744 0.19357691031216961
234 2340 8.471728343184745e-08 0.19367142643299437 0.09903371572051446 0.09903371572051446 0.10256941622900334 0.10548468556622818 0.11158924995873884 0.12453941876079394 0.13476796075010392 0.1410671002439194 0.14998124285626438 0.16501735037980697 0.19367142643299437
235 2350 7.806395945248999e-08 0.1906381487030563 0.09814834294815789 0.09814834294815789 0.1016339471595971 0.10347636333947645 0.11216428657453258 0.12411674042957127 0.13012612388945763 0.13960405751630453 0.1517714374742402 0.16105963095266693 0.1906381487030563
236 2360 7.247228836276698e-08 0.1886356257680854 0.09654191682881354 0.09654191682881354 0.09937876393355376 0.10323331134448484 0.11412743946538337 0.12388270734541541 0.1282939591612957 0.13455135953140737 0.1523175521492494 0.1607710633544829 0.1886356257680854
237 2370 6.34662710490441e-08 0.18542862608569502 0.0959919031629337 0.0959919031629337 0.0982957849389267 0.10075156906736733 0.1115796129399205 0.12396618751514092 0.12911493544902622 0.13793947337791823 0.15193921671021743 0.15929838368826443 0.18542862608569502
238 2380 5.552966291290179e-08 0.1844540060024829 0.09566009349578476 0.09566009349578476 0.09607337065866316 0.10001698762323226 0.11115273375732829 0.11846375380646063 0.1266880737225242 0.13548020471045283 0.15028308087443412 0.15808941765059445 0.1844540060024829
239 2390 4.9486065475612654e-08 0.18244069438478347 0.0922818656770763 0.0922818656770763 0.09589189451994469 0.09972304658798858 0.10997727180777334 0.11705132690360574 0.11991978319665071 0.13655460433476962 0.14914418718500277 0.1563042086456452 0.18244069438478347
240 2400 4.554936576450082e-08 0.17960154887797353 0.09315831905722784 0.09315831905722784 0.09563608271116074 0.10020526664994989 0.10948677741903635 0.1156596586840674 0.11744396087984951 0.13792065040979554 0.14502847819483347 0.15086522938760313 0.17960154887797353
241 2410 4.03287282642663e-08 0.17740719984837997 0.09182692965100464 0.09182692965100464 0.09319050912599143 0.09912121671800662 0.1080347960861357 0.11474231906968076 0.1167902888834108 0.13605788184606313 0.14415867855005232 0.15137145832039256 0.17740719984837997
242 2420 3.907921631732492e-08 0.17758803971320467 0.08988508842523829 0.08988508842523829 0.0920435701604791 0.09755276469582015 0.10717781937984139 0.11349434360610851 0.11471954559614084 0.13540088448768695 0.14070348517560666 0.14776607346048792 0.17758803971320467
243 2430 3.768789100822882e-08 0.17667224829942413 0.08679987227007017 0.08679987227007017 0.09121106260102085 0.09737821027539932 0.10789780730105172 0.11083386883692238 0.11382705946754582 0.13335069964635687 0.1441047620042413 0.15400590762202285 0.17667224829942413
244 2440 3.327945990079781e-08 0.17334195890575213 0.08701814129583711 0.08701814129583711 0.0899005233178011 0.09635303032010667 0.10404053847995023 0.11199289001336017 0.11340584886541183 0.13523142358431445 0.14143113709620433 0.15486376531477972 0.17334195890575213
245 2450 3.085964785736369e-08 0.16964971531209747 0.08670338208993343 0.08670338208993343 0.08923165515188787 0.09598267204237614 0.10239551626748315 0.10797716139594817 0.11483120643796514 0.13303514766981228 0.14211893767829234 0.15165278157625858 0.16964971531209747
246 2460 2.7472645273884057e-08 0.16839494314718376 0.08235843994756477 0.08235843994756477 0.087443922576974 0.09665061754244979 0.10410740406565695 0.10768228892370628 0.11492412381969984 0.13235599211016436 0.13860829156463786 0.1494407468902406 0.16839494314718376
247 2470 2.469927996574246e-08 0.16567751180529872 0.08262631134341263 0.08262631134341263 0.08688998752194811 0.09611371547163623 0.1018172695838358 0.10750427895447923 0.11526920007077583 0.12789777643107827 0.13397931135739508 0.14625252012959322 0.16567751180529872
