% # columns="iteration, evaluation, sigma, axis ratio, bestever, best, median, worst objective function value, further objective values of best", seed=691310, Tue Feb 25 21:17:51 2020, <python>{}</python>
1 10 0.9757526597956336 1.0000450010125153 20.692886542440664 2.0692886542440664e+01 21.16914541717756 21.349896243329226   
2 20 0.9512937766427016 1.247491110200547 20.636974322559794 2.0636974322559794e+01 21.05748989101412 21.197898495171597   
3 30 0.9190219044195224 1.3224349149879122 20.636974322559794 2.0838778862859382e+01 21.0754506453724 21.3129951197503   
4 40 0.8984180431366303 1.371854079437972 20.636974322559794 2.0912856546024951e+01 21.064007991280498 21.360209902450435   
5 50 0.9286695832550538 1.5071128305839405 20.636974322559794 2.0707595127187108e+01 21.082176858195854 21.441834644727127   
6 60 1.0710341540144563 1.530986705594921 20.532211927931513 2.0532211927931513e+01 20.972468319590536 21.239436461189463   
7 70 1.3716207787381949 1.6515830482152924 20.29909834741852 2.0299098347418521e+01 21.18587710487686 21.280437824604785   
8 80 1.7070817617705851 1.736558281821223 20.29909834741852 2.0306750054711184e+01 20.988074453779674 21.134285373770798   
9 90 1.9559362072618822 1.722581068642237 20.236474431309833 2.0236474431309833e+01 20.84062782644923 21.144832760452545   
10 100 2.298789107785101 1.731409402566968 20.236474431309833 2.0441461029495084e+01 20.78502088566081 20.877004310645148   
11 110 2.545082013702004 1.8225066418376832 20.03388189999623 2.0033881899996231e+01 20.48167424361456 20.695637405077235   
12 120 2.963025372792778 1.860143843193958 20.01126024053959 2.0011260240539588e+01 20.392694861180747 20.771607153615935   
13 130 3.5055501557784847 1.8458764609854077 19.530419853285878 1.9530419853285878e+01 20.416423432550477 20.814117023540245   
14 140 3.8108030444994285 1.886564834773531 19.530419853285878 1.9537972515732886e+01 20.09700318027213 20.768897799351482   
15 150 4.251249115921246 1.8911783388956858 19.007032878680842 1.9007032878680842e+01 19.9716282502722 20.467077646158156   
16 160 4.684299927444574 1.9916034096197301 18.695854354248652 1.8695854354248652e+01 19.755075891187815 20.199968967944894   
17 170 4.85421509789071 2.0979423580774337 17.405998733027445 1.7405998733027445e+01 19.47603325786476 20.052726685974786   
18 180 5.036551050254191 2.116410020489128 17.405998733027445 1.8095682514094708e+01 18.64637157189761 19.69246512999604   
19 190 5.333264591521572 2.2270919271407448 15.179869482213732 1.5179869482213732e+01 18.335862492697526 20.450092748495745   
20 200 5.317908341915605 2.279285578311385 14.558399978527886 1.4558399978527886e+01 17.58886493014767 19.182516785898812   
21 210 5.640945745305392 2.2557409869190383 13.988392701004475 1.3988392701004475e+01 16.511798473309163 18.04380595182173   
22 220 5.617150190264976 2.4077725007305992 13.166992873154722 1.3166992873154722e+01 16.51817266151185 17.857245651321406   
23 230 5.639224961279368 2.451026065198916 12.106998383393782 1.2106998383393782e+01 15.357446405772738 17.861976466912278   
24 240 5.340664951426299 2.555017389979774 12.061865575932947 1.2061865575932947e+01 14.471992805659115 19.788903448690135   
25 250 4.866017875381173 2.526634943847447 12.061865575932947 1.3131286187507454e+01 15.296837243420327 18.38442942898236   
26 260 4.641861562840103 2.485177529563958 12.061865575932947 1.2241522604410269e+01 14.471224781539634 16.702480673463025   
27 270 4.127798181414565 2.511914232116811 11.121598536909243 1.1121598536909243e+01 14.205405368018354 14.790087732742386   
28 280 3.848391857340013 2.5096120211788193 10.544948119769533 1.0544948119769533e+01 12.26917644386839 15.456162342346488   
29 290 3.695076369455947 2.3960758843564545 8.95220634433188 8.9522063443318807e+00 14.024282917058374 15.994563731763566   
30 300 3.5313956058273344 2.3967229077731664 8.95220634433188 1.0356275300256081e+01 11.519934228334854 14.446331966242356   
31 310 3.346539476643715 2.448241618344521 6.831640076774457 6.8316400767744572e+00 11.712861089906529 13.70766628714762   
32 320 3.524869405332074 2.427600560089741 6.831640076774457 9.5551189791741677e+00 11.510750990773044 12.915593811218912   
33 330 3.4911833722789245 2.4039277324216712 6.831640076774457 1.0269937581746762e+01 13.303348782760052 14.515686820111663   
34 340 3.4163173578455632 2.333987726214859 6.831640076774457 1.1775988242025731e+01 13.703959613988951 14.491402552028307   
35 350 3.212955629260506 2.327571863285568 6.831640076774457 1.0101176165078483e+01 13.030533107999293 15.141309229428137   
36 360 2.879650000041075 2.2780564935674974 6.831640076774457 8.6447963844897568e+00 12.493189757366308 14.9020936812887   
37 370 2.6597949416614943 2.2599299033736195 6.831640076774457 8.5337577759965200e+00 11.109234799794818 13.473062252339961   
38 380 2.5214900470050376 2.22121342494723 6.831640076774457 8.9374924304129753e+00 10.190616908585053 13.405744347191922   
39 390 2.309466422556269 2.171569688557251 6.831640076774457 7.6203132117537979e+00 9.438600834102482 11.183447909665853   
40 400 2.13810005162775 2.167329090275128 6.831640076774457 8.3173810959200019e+00 10.349236858459202 13.062388833604434   
41 410 1.9569325054989302 2.092736637521574 6.673096101964376 6.6730961019643757e+00 9.241405913573088 11.305885025742787   
42 420 1.75248416015562 2.0577230894797394 6.287802938298732 6.2878029382987322e+00 8.334581024910083 10.264585523278614   
43 430 1.6532848195816208 2.07373067618054 6.287802938298732 6.6857723576672932e+00 8.080519355481204 11.77210387054065   
44 440 1.6383174329448629 2.1209582411591414 5.753260807766093 5.7532608077660932e+00 7.898278899174015 10.111449029742063   
45 450 1.607170354401453 2.1014459922183066 5.54145693276773 5.5414569327677299e+00 8.015602624552635 9.951690436418431   
46 460 1.7001158505463536 2.099241914015265 5.378669777846877 5.3786697778468771e+00 7.43679567636236 8.39246571945983   
47 470 1.773865777260366 2.0725604411034975 5.378669777846877 6.4041306098120572e+00 7.441524788201889 8.763985459531984   
48 480 1.6535356961236607 2.095317729507759 5.378669777846877 5.8227495260532578e+00 8.154336285111462 9.39519111367911   
49 490 1.5900751097500943 2.060105930694281 5.186030117325938 5.1860301173259380e+00 7.066757347237518 9.187033122613315   
50 500 1.5206161176028723 2.08144388744683 5.186030117325938 6.0797437454562164e+00 7.14161167501314 8.757675852228946   
51 510 1.4607712529837442 2.098455064090266 4.979055174239811 4.9790551742398108e+00 6.919766081035791 7.652063747371752   
52 520 1.3786697561540324 2.0675010054510943 3.7216277243149034 3.7216277243149034e+00 6.399373362804138 8.245901593137027   
53 530 1.3427892873173393 1.9918878598941845 3.7216277243149034 5.1167415418185094e+00 5.55333218167894 7.2833988260738405   
54 540 1.2430974038286284 2.009241083078364 3.7216277243149034 5.1032197667573627e+00 6.30203611220638 6.911713577046587   
55 550 1.1828448142577814 2.1272062088669017 3.7216277243149034 5.0563555983706436e+00 6.621217355825468 8.09448707987296   
56 560 1.1200331752794788 2.1373268533885525 3.7216277243149034 3.9800845369069795e+00 6.273449978744193 7.409260023007366   
57 570 1.0660175782916446 2.1245043415638096 3.7216277243149034 4.0908898747441285e+00 5.26038754659583 6.896135600831183   
58 580 0.9747013585110411 2.148429476872322 3.7216277243149034 4.4031599356412734e+00 5.124465002693935 5.693118475584363   
59 590 0.8912242930588816 2.0315427863384588 3.7216277243149034 3.7223007301085578e+00 4.838015868686625 5.448893802318228   
60 600 0.8319543871385315 2.029386646838506 3.606775467699887 3.6067754676998871e+00 4.798793574047178 5.180731912419109   
61 610 0.7198357254198776 2.05501750152805 3.4938699475619797 3.4938699475619797e+00 4.30848360095742 5.911805204855561   
62 620 0.628089815318858 2.0789319306666325 3.4938699475619797 3.5010359848509052e+00 4.440045104055212 5.560049298382285   
63 630 0.5712124161164897 2.0674020591859184 3.2001690320541347 3.2001690320541347e+00 4.1133333635496605 4.470491865387288   
64 640 0.5045395201701734 2.099306682797184 3.089043658873568 3.0890436588735679e+00 3.866855724103449 4.521392265369194   
65 650 0.4948469191866863 2.068565216547926 2.276261891075397 2.2762618910753969e+00 3.4739989947518635 3.6543756272220986   
66 660 0.4416629639495194 2.0667523564009693 2.276261891075397 2.4138027086204770e+00 3.4650563733116226 4.032365513200041   
67 670 0.3864289593282002 2.023055780657441 2.276261891075397 2.4273973178397559e+00 3.053864871966319 3.7315637860641577   
68 680 0.38579227853308345 2.0651009751145755 2.172918860871594 2.1729188608715941e+00 2.7925007481199384 3.335754906231099   
69 690 0.3533157138550072 2.094873575197079 2.051533742659196 2.0515337426591960e+00 2.736496641904623 3.50914803698797   
70 700 0.3632266575363468 2.106901847993027 2.051533742659196 2.1160469914865740e+00 2.79900901310295 3.3230933759156334   
71 710 0.35007212365525364 2.0578318449164192 2.051533742659196 2.3091863080828792e+00 2.9079726535155683 3.218841677451732   
72 720 0.34226781300313386 2.139223117915673 1.964249989845467 1.9642499898454671e+00 2.762500199454824 3.2143939742354566   
73 730 0.3110535467410624 2.1477193715167533 1.964249989845467 2.1708741242468155e+00 2.7643907459889268 3.104669105051468   
74 740 0.31128949498301417 2.2378126952515074 1.964249989845467 2.1092912035870239e+00 2.567471711675076 3.07131720322532   
75 750 0.30531958885324306 2.3123392269488834 1.7579443986003018 1.7579443986003018e+00 2.5827484377930863 3.2166950235333798   
76 760 0.29656508252761143 2.27121477360297 1.7579443986003018 2.0746825576891728e+00 2.526672572110219 3.2347027607437124   
77 770 0.27623264919730117 2.291881545016049 1.445660782311347 1.4456607823113470e+00 2.243031856880798 3.1023700001070016   
78 780 0.2516309627081764 2.2816856330480175 1.445660782311347 1.5136754794509781e+00 2.2046510137432773 2.6434903354725425   
79 790 0.2333068677743522 2.1822406358308677 1.445660782311347 1.6307811436516464e+00 2.1998652786159814 2.343395049256387   
80 800 0.22085660357340206 2.2031095517014694 1.2864978252169235 1.2864978252169235e+00 2.0235962881313765 2.522083334919604   
81 810 0.22097081815470504 2.2581601801401487 1.0108204725492418 1.0108204725492418e+00 1.642418896299223 2.1512882343332724   
82 820 0.22363307916401087 2.2493467046766256 1.0108204725492418 1.3205119246105004e+00 1.639671144346782 1.9465445199351774   
83 830 0.21670272151652392 2.2051230431458757 1.0108204725492418 1.1488838728432573e+00 1.7203633178492237 2.2323629213344103   
84 840 0.18580662215066798 2.1407416169703724 1.0108204725492418 1.2827133305893530e+00 1.7425811138091913 2.1948597345537277   
85 850 0.1675950948424384 2.2594481603778114 1.0108204725492418 1.0510302147737467e+00 1.419646198840955 1.9204934596332852   
86 860 0.1570932115018687 2.267570153718003 0.6638135384360422 6.6381353843604218e-01 1.4480745476186816 1.830029004426852   
87 870 0.14941035608921413 2.2382719146639207 0.6638135384360422 8.6795815814235100e-01 1.128010670640482 1.688834960563597   
88 880 0.14584937166603715 2.2657126025070284 0.5383538742930765 5.3835387429307646e-01 0.8762111702126778 1.306378431585355   
89 890 0.13575714149886292 2.2580682893068795 0.5383538742930765 6.3720508546329002e-01 0.7810512340689901 1.1590492175334295   
90 900 0.12348541151367068 2.1899507520388397 0.46505036221658047 4.6505036221658047e-01 0.891821655234001 1.3012423915511317   
91 910 0.11338126538033891 2.1661010546185056 0.40843712041866853 4.0843712041866853e-01 0.8424376090470393 1.1585419232690204   
92 920 0.10097267310191382 2.1517815552222372 0.300295338282766 3.0029533828276600e-01 0.6286502096497881 0.9811978202525791   
93 930 0.09105959674762899 2.1179603396366566 0.300295338282766 4.1234133545028273e-01 0.5348084279150744 0.7147644436547229   
94 940 0.08643352406498182 2.1219803764070635 0.300295338282766 3.0191902958576522e-01 0.44478507541416734 0.7987904585802146   
95 950 0.08729171295357807 2.116247111856667 0.242988782267354 2.4298878226735399e-01 0.3326321614169605 0.47331682044667334   
96 960 0.09013241301751551 2.1617427196213423 0.242988782267354 2.6288918942396267e-01 0.3871715769669639 0.5421158332058202   
97 970 0.09150849684866333 2.123394137421968 0.20844462324573287 2.0844462324573287e-01 0.4018195592223468 0.6478055017917694   
98 980 0.08551811242604615 2.168607289226554 0.20844462324573287 2.2636997023363081e-01 0.4447375042398183 0.5502230878471512   
99 990 0.08049908777904324 2.1771580906559036 0.1986142773847317 1.9861427738473170e-01 0.32397445062472885 0.4761450684814368   
100 1000 0.07527233508149699 2.183957677159357 0.1986142773847317 2.1233207724221304e-01 0.3170428404298957 0.44382376914314436   
101 1010 0.06818243546333992 2.1984207918012086 0.18630386900623863 1.8630386900623863e-01 0.283730374921785 0.4740832474061034   
102 1020 0.06016955632510772 2.171710053168177 0.18630386900623863 2.1206237242357817e-01 0.25214998526615107 0.35961397980507614   
103 1030 0.05518474239637922 2.181013017366318 0.15887329023748054 1.5887329023748054e-01 0.2820236581865001 0.4687948948095024   
104 1040 0.055712192133153274 2.1719632685920747 0.1496668712664193 1.4966687126641931e-01 0.20414529373626822 0.278965596818058   
105 1050 0.05528534551493834 2.1651935790258356 0.11372521883246067 1.1372521883246067e-01 0.2092105487214444 0.3635468482525863   
106 1060 0.05629099818763614 2.1403282303768245 0.06488372556095046 6.4883725560950456e-02 0.2075408470005411 0.3147784984060036   
107 1070 0.054900849683837426 2.023630226338792 0.06488372556095046 7.7155249008644677e-02 0.15910140013830132 0.19613622062393476   
108 1080 0.049510181899906316 1.9733172942086057 0.06488372556095046 1.0205550458547608e-01 0.12251646719078169 0.21068468627968473   
109 1090 0.04554799769165789 1.9580384046357417 0.06488372556095046 8.8825151861133822e-02 0.148484198695773 0.21582168388756218   
110 1100 0.04221941744855179 1.9675441713844328 0.06488372556095046 7.1204892710753587e-02 0.12064482467167581 0.19599878458586462   
111 1110 0.03990515263836516 2.000658659126434 0.05788973967984434 5.7889739679844343e-02 0.09497109799536263 0.1585670211473098   
112 1120 0.03613067901915798 1.9650263027451191 0.05406712660969193 5.4067126609691929e-02 0.08519370390338965 0.12826571476856374   
113 1130 0.03293039933282206 1.9776731693436977 0.04673049430755016 4.6730494307550163e-02 0.08604794632671586 0.13710732894192335   
114 1140 0.033069694773288874 2.0037577116534364 0.04673049430755016 5.6624343915956832e-02 0.08543658769732732 0.11141049170244033   
115 1150 0.031593438406665564 1.8167511173627895 0.04673049430755016 6.9433138943200579e-02 0.07854851444834354 0.09131086921749132   
116 1160 0.030148654230973918 1.721046205065722 0.04673049430755016 5.5909266957723691e-02 0.09225723702940103 0.13929890713201276   
117 1170 0.026684070397832885 1.6975747033012694 0.04673049430755016 5.0834174873106708e-02 0.0661255418544191 0.11624886562813375   
118 1180 0.023680535349982344 1.665912695856621 0.03832659611244127 3.8326596112441269e-02 0.07379008520061392 0.08294325778664247   
119 1190 0.021748348467698096 1.738611881298524 0.029852103619067538 2.9852103619067538e-02 0.0521080850879696 0.07331073516745024   
120 1200 0.019872552082040803 1.742058007598081 0.027438735838597683 2.7438735838597683e-02 0.04708241831657434 0.06007161605408884   
121 1210 0.017709274412393734 1.7636277297454692 0.027438735838597683 2.9631471844233648e-02 0.04700460500449255 0.06039654843616704   
122 1220 0.016264109109232074 1.7498792536761003 0.02527472799498698 2.5274727994986979e-02 0.03788198631980011 0.06000562018279654   
123 1230 0.015102198778162457 1.8140272849722399 0.024119249868043813 2.4119249868043813e-02 0.03697977710695044 0.05073837227034206   
124 1240 0.014103010475695234 1.85635866830696 0.01872692336630921 1.8726923366309212e-02 0.029014552565723495 0.05697966666758747   
125 1250 0.013502758476418892 1.8221187240325107 0.016061642048438518 1.6061642048438518e-02 0.028144312624558854 0.039561130784481424   
126 1260 0.012522506898647767 1.8133285399003165 0.015845495942170107 1.5845495942170107e-02 0.02735828950960384 0.034975995201361076   
127 1270 0.012189575977939293 1.7322171371163242 0.015845495942170107 1.9655829884300591e-02 0.02777566244454066 0.032922442411198904   
128 1280 0.010987475786386907 1.7350890670395889 0.012287947848847569 1.2287947848847569e-02 0.02520609199771373 0.036216937395743276   
129 1290 0.010744887505357513 1.7111587544431635 0.011346070792015883 1.1346070792015883e-02 0.018691598151395983 0.025703229114494963   
130 1300 0.010148165984566576 1.739320004077258 0.011346070792015883 1.2753808662275379e-02 0.020007873820209188 0.02239228105550639   
131 1310 0.01000285348172664 1.7424713173847786 0.011346070792015883 1.4516837852931008e-02 0.018675547730673703 0.021742141853014818   
132 1320 0.00920224392659779 1.7174173499359733 0.011346070792015883 1.6885713050360796e-02 0.02067331615441903 0.039277817373733814   
133 1330 0.008002784914112106 1.7259732372826873 0.011346070792015883 1.2831391425681904e-02 0.021310976072055343 0.02582923858280539   
134 1340 0.007556807266611935 1.7842024761847184 0.010401200105122133 1.0401200105122133e-02 0.01472874195803131 0.023735331721120634   
135 1350 0.006963808469688308 1.7845412414975368 0.010160104447298313 1.0160104447298313e-02 0.01273420937500136 0.017429563129923498   
136 1360 0.006423264177870709 1.7877151086364214 0.006155818194465201 6.1558181944652013e-03 0.014423783091008335 0.017175788483204446   
137 1370 0.006115959574648818 1.7543469934235725 0.006155818194465201 7.2990001932358162e-03 0.012290170964551539 0.01886547035131203   
138 1380 0.005660388095850946 1.7431007839235686 0.006013148841596649 6.0131488415966494e-03 0.011986714872503246 0.015589646134593682   
139 1390 0.005210607313987482 1.7329262153206804 0.006013148841596649 6.1752834277908342e-03 0.008909990097695886 0.011525008595932196   
140 1400 0.004953056988631979 1.7449456382270128 0.004398542457849874 4.3985424578498744e-03 0.008412706090045408 0.010904436097462611   
141 1410 0.004748257235768425 1.7841690147685234 0.004277629354011214 4.2776293540112142e-03 0.0074222086177297975 0.010026611137633257   
142 1420 0.004050308337336679 1.769558133719714 0.002993341134061911 2.9933411340619109e-03 0.007217905566730298 0.00907933234923819   
143 1430 0.003695540476500355 1.7610698730530723 0.002993341134061911 3.9173819160720491e-03 0.006120301729300781 0.007312922668785138   
144 1440 0.003512787145795854 1.698179259961054 0.002993341134061911 4.4556951223566621e-03 0.005736261264069231 0.008792223830884627   
145 1450 0.00329900246296235 1.688628980557213 0.002993341134061911 3.7295746245615824e-03 0.005529094211155883 0.00728027712167334   
146 1460 0.002990347394682917 1.8071312955629637 0.0028833077125409723 2.8833077125409723e-03 0.005102824559135133 0.007411633163532105   
147 1470 0.002681117570165298 1.7965248063564374 0.002790110863305717 2.7901108633057170e-03 0.0039538087880441886 0.005747167387817331   
148 1480 0.0022864221598913174 1.7513324208185803 0.002790110863305717 2.8144989654639296e-03 0.004533188860915249 0.0062029984233089586   
149 1490 0.001997547360425267 1.727940156942846 0.002633406530631266 2.6334065306312660e-03 0.0037161822726230476 0.004717181804228421   
150 1500 0.0017763468115274328 1.7433311167590113 0.002633406530631266 2.7171844343354401e-03 0.003312093760005741 0.003918668197429032   
151 1510 0.0016415562383407215 1.7316269607331092 0.0022127829468350235 2.2127829468350235e-03 0.0030802484876635283 0.003961507183664725   
152 1520 0.0014583362988048881 1.7638616926514827 0.001945834120860912 1.9458341208609120e-03 0.002728478902039644 0.003969308858863929   
153 1530 0.0013656221772273393 1.7400666586959201 0.001945834120860912 1.9640793926858358e-03 0.0026185026535512357 0.0029679962021167405   
154 1540 0.0013013517188432992 1.8118702957882968 0.0017617658443396245 1.7617658443396245e-03 0.0024955116100895403 0.0030835287647907883   
155 1550 0.001264838437458696 1.861533756687492 0.0016873834512733943 1.6873834512733943e-03 0.002347047858088036 0.002910783439127318   
156 1560 0.0013562675828680646 1.896544664840824 0.0012384335912050126 1.2384335912050126e-03 0.0023266335788147963 0.002506758559491562   
157 1570 0.0014124811885888162 1.8469454453289758 0.0010779909084139838 1.0779909084139838e-03 0.0017401851893628084 0.0021642433037283304   
158 1580 0.0013047796087114823 1.8658086478961982 0.0010779909084139838 1.2510122786300037e-03 0.001818962519554379 0.002813337176224895   
159 1590 0.0012109822335263332 1.8901476424355363 0.0007285303915236518 7.2853039152365184e-04 0.0017829308969052882 0.002221546299832955   
160 1600 0.0011301309666808428 1.9620533933138427 0.0007285303915236518 1.2208578127688163e-03 0.001623225161577313 0.0019135484236625366   
161 1610 0.001046005993662828 2.05873720330339 0.0007285303915236518 9.0192245496156787e-04 0.001489927735840002 0.0020861423068088136   
162 1620 0.0010323767844722445 2.0509179994736253 0.0007285303915236518 7.9756445544676424e-04 0.0011669409490413507 0.0018944172717110241   
163 1630 0.0010094085725784472 2.0781963164524524 0.0007285303915236518 8.6484005302311928e-04 0.0012605979762736474 0.0017339259629705062   
164 1640 0.0009506425781014757 2.0744608299299796 0.0007285303915236518 8.2792619186777827e-04 0.0013529344691325385 0.0016849523498376762   
165 1650 0.0008982340459261941 2.0074747974729554 0.0007285303915236518 7.4682286415539423e-04 0.001157544064767979 0.001826356168795673   
166 1660 0.0008052598130044189 1.9612963782623696 0.000723276456839006 7.2327645683900599e-04 0.0012460074123059606 0.0014333044344323476   
167 1670 0.0007392181884036315 1.9491719090705042 0.000723276456839006 8.0512333331528296e-04 0.0010090001270453008 0.0012982662290608182   
168 1680 0.0006429144136777076 1.9205514553509513 0.0005690637438893198 5.6906374388931980e-04 0.0010030233669948707 0.0011673783212100552   
169 1690 0.0005789540359667685 1.883427907443696 0.0004888758637808799 4.8887586378087988e-04 0.0008432306507342169 0.0010583588569237357   
170 1700 0.0005281093078662171 1.8988182584638367 0.000485688940774498 4.8568894077449798e-04 0.0007470784594088009 0.0008824372019806681   
171 1710 0.0004825323430293636 1.9613184548483102 0.00047905391134905884 4.7905391134905884e-04 0.000783642373502591 0.0009987939415805336   
172 1720 0.000448470230898122 1.9813641497061565 0.0003928840311542281 3.9288403115422810e-04 0.0005656165714644779 0.0007571442018279306   
173 1730 0.0004145594890854382 2.014107158713352 0.00030475453409950504 3.0475453409950504e-04 0.0005219447107340791 0.0006142499588261963   
174 1740 0.00039266098980989894 1.9152957137442848 0.00030475453409950504 3.4815125961218385e-04 0.00044941521486707714 0.0007007735624005029   
175 1750 0.0003371388247904679 1.8679133684634206 0.0002872186196332116 2.8721861963321160e-04 0.00045600291754910316 0.0006925499032104376   
176 1760 0.00031810810164993673 1.8344542560880286 0.0002872186196332116 3.0531675599165808e-04 0.0003947801429089459 0.0005156441785385546   
177 1770 0.0003036018005822841 1.9196736076293879 0.00020703438437097432 2.0703438437097432e-04 0.0003483555637449065 0.00045057500925738125   
178 1780 0.0002829607548845768 1.9857108499336784 0.00019899823610858292 1.9899823610858292e-04 0.0003160473302519229 0.0004854643239586842   
179 1790 0.00027399597092285337 1.98875363888824 0.00019719049413824408 1.9719049413824408e-04 0.00029742563871026917 0.0004455574683004393   
180 1800 0.00026966808564723283 2.036060445012065 0.00019719049413824408 2.2092966705899997e-04 0.00027481805151596816 0.00037329940790131744   
181 1810 0.00026726275706036794 2.122914561315855 0.00019719049413824408 2.4659013664107832e-04 0.0003495718100130496 0.0004307563940035841   
182 1820 0.00025153606887197086 2.125912733636038 0.0001649427958949623 1.6494279589496230e-04 0.00029933565359074876 0.00041947016182719565   
183 1830 0.00022518970750255113 2.058684081649639 0.0001649427958949623 1.8158975273552258e-04 0.000319316796325797 0.0004182263073961856   
184 1840 0.00019503659502843955 1.9739654945297394 0.0001649427958949623 1.9862915493051858e-04 0.000268251429819788 0.0003466293446732216   
185 1850 0.0001725756289569563 1.9607341448217281 0.0001649427958949623 1.9228575122953728e-04 0.0002579822835184764 0.0003584125895561563   
186 1860 0.00016071382107843486 1.9033461126814848 0.00015925205680433763 1.5925205680433763e-04 0.0002079921827484732 0.00027133727485706416   
187 1870 0.0001643344564473294 1.9364844801417216 0.00014993125261542062 1.4993125261542062e-04 0.00020979414264177265 0.00024391017975178286   
188 1880 0.0001637461328355666 1.9526679456017928 8.80515299823692e-05 8.8051529982369203e-05 0.00019848725912341436 0.00027440519039290123   
189 1890 0.00016227451130014094 1.9358945946425254 8.80515299823692e-05 1.3971604090956546e-04 0.00015803422261173594 0.00022479251656948307   
190 1900 0.00014450451256336485 1.966479267401667 8.80515299823692e-05 1.4866065121355021e-04 0.0001944701167251317 0.0002424715908913022   
191 1910 0.00013883335550614456 2.028130337975763 8.80515299823692e-05 1.5366797087823514e-04 0.00017461248763739334 0.0002494475243186578   
192 1920 0.00013193967810866847 1.9344468011170075 8.80515299823692e-05 1.1217500608795561e-04 0.00014282217834393762 0.00026517537643089284   
193 1930 0.0001380457448158773 1.8484503204767995 8.80515299823692e-05 9.1171364367870211e-05 0.00011410228494002084 0.00014901196507866032   
194 1940 0.0001294755118807362 1.8678982615277548 6.71247588717172e-05 6.7124758871717205e-05 0.00012660591930258036 0.00013777360380773374   
195 1950 0.0001278474394820751 1.8403082671402338 6.71247588717172e-05 7.0249481208595199e-05 0.00010995110619704818 0.0001336459071628049   
196 1960 0.00011645856208171478 1.8073131484273195 6.71247588717172e-05 9.1401548214964379e-05 0.00010991121880055132 0.0001431066541042192   
197 1970 0.00010047595866347203 1.828543021918646 5.686433656437728e-05 5.6864336564377282e-05 0.00013586628260542355 0.0001541809079772527   
198 1980 8.775656134165386e-05 1.8677319767806408 4.806422691361334e-05 4.8064226913613339e-05 9.200383667051781e-05 9.979220086764329e-05   
199 1990 8.217369255338802e-05 1.8960056817332858 4.806422691361334e-05 7.4351007278483650e-05 8.664977832895104e-05 0.00011856431596557471   
200 2000 7.564733467742952e-05 1.8523825958044275 4.806422691361334e-05 7.1904645118525679e-05 9.578923063147116e-05 0.00010882452557980926   
201 2010 7.027095302146996e-05 1.815953252626713 4.806422691361334e-05 5.1607135720832531e-05 8.333091905088352e-05 0.00012973024843576653   
202 2020 6.636584182777507e-05 1.784333925960315 4.806422691361334e-05 5.8594662324384927e-05 7.535928136848113e-05 9.099282270286224e-05   
203 2030 6.303882196471263e-05 1.7750113516598864 4.806422691361334e-05 5.4327422735145348e-05 7.809036181471996e-05 9.964861756062149e-05   
204 2040 6.059070593220117e-05 1.7989294360158052 4.806422691361334e-05 5.0996969890082511e-05 6.320169364615325e-05 9.31616523200951e-05   
205 2050 5.761659868261363e-05 1.8512262418176684 4.806422691361334e-05 5.2555932889664092e-05 7.18493060287706e-05 8.761241034394018e-05   
206 2060 5.479959923140557e-05 1.8589477996043107 4.501185472394198e-05 4.5011854723941980e-05 5.9932892288561135e-05 8.538385548506611e-05   
207 2070 5.102712502652756e-05 1.9588000750007966 3.3901428555527247e-05 3.3901428555527247e-05 5.0570215478717984e-05 6.489749455029781e-05   
208 2080 4.970863178056454e-05 1.9422064684612137 2.9747217123787806e-05 2.9747217123787806e-05 5.054105771096218e-05 5.491972099180842e-05   
209 2090 5.0531019464782746e-05 1.9697535525962417 2.9747217123787806e-05 3.4863180918609515e-05 4.806184143335557e-05 6.5958595272253e-05   
210 2100 4.9386089353670904e-05 1.9568694520263437 2.9747217123787806e-05 3.9642665950356815e-05 4.907050466274043e-05 6.657259758968692e-05   
211 2110 4.5345295396762356e-05 1.9913213659799596 2.8843523033561524e-05 2.8843523033561524e-05 4.2425811820567816e-05 6.0117772854528795e-05   
212 2120 3.973842494550775e-05 2.0089614886739615 1.9082437188178147e-05 1.9082437188178147e-05 3.941075281632678e-05 4.941192892760071e-05   
213 2130 3.767844358861184e-05 2.0270402974127597 1.9082437188178147e-05 2.0029988107683749e-05 3.6542983658183203e-05 4.556675287803458e-05   
214 2140 3.8258957568162965e-05 1.9801887819590789 1.9082437188178147e-05 2.3725994982459753e-05 2.774033190577896e-05 4.655860564328762e-05   
215 2150 3.5164041820042937e-05 1.9699609103028015 1.9082437188178147e-05 2.4525057075397427e-05 3.4054503132541214e-05 4.332265916007216e-05   
216 2160 3.1346486286960584e-05 1.9988801495218425 1.9082437188178147e-05 2.3909812580047429e-05 2.9290557848060672e-05 3.5874121700363304e-05   
217 2170 3.028815986251466e-05 2.0355637737173273 1.9082437188178147e-05 1.9658264289734717e-05 2.8420441218646175e-05 3.715129752324131e-05   
218 2180 2.810779956305954e-05 2.0001196991885557 1.9082437188178147e-05 1.9925760373684653e-05 2.4222109555882554e-05 3.327056851931687e-05   
219 2190 2.797308957889379e-05 2.041619824062017 1.697245013376758e-05 1.6972450133767580e-05 2.6302398346889078e-05 3.4023235202074176e-05   
220 2200 2.7174047907332213e-05 2.1610760901936903 1.44556890622205e-05 1.4455689062220500e-05 2.479745818506629e-05 3.083301523121307e-05   
221 2210 2.502466416724911e-05 2.01715733106115 1.2876107789328017e-05 1.2876107789328017e-05 2.4268841354757598e-05 2.7534916423821443e-05   
222 2220 2.1991826107646842e-05 2.0059405451887637 1.1732379647799718e-05 1.1732379647799718e-05 1.9968730061936668e-05 2.720467871286658e-05   
223 2230 1.924613766762602e-05 1.9549365393239813 1.1724223029307979e-05 1.1724223029307979e-05 1.842966820975178e-05 2.2754099735511346e-05   
224 2240 1.8394336844054962e-05 1.9182783222876627 8.816448371806729e-06 8.8164483718067288e-06 1.3932639405300762e-05 1.8047596292536383e-05   
225 2250 1.755370829404673e-05 1.9750346842487005 7.707673930656966e-06 7.7076739306569664e-06 1.2302201913616528e-05 1.6044573872608936e-05   
226 2260 1.6204859006405957e-05 1.95710168675172 6.361301555291021e-06 6.3613015552910213e-06 1.1558408072875892e-05 1.4499534654266455e-05   
227 2270 1.5309330349568713e-05 1.9741608649883466 6.361301555291021e-06 7.3065560219909287e-06 1.0071340053929845e-05 1.4523470494243185e-05   
228 2280 1.4224843193596328e-05 1.9667451484367828 6.361301555291021e-06 7.2830266408807631e-06 1.0615426905946634e-05 1.49157105870934e-05   
229 2290 1.191749483696871e-05 1.841231286534891 4.926291290008322e-06 4.9262912900083222e-06 1.0233950650917478e-05 1.541328018861421e-05   
230 2300 1.0017707583155131e-05 1.818687169042323 4.926291290008322e-06 5.2992854304712012e-06 8.000176344058474e-06 9.992744008702203e-06   
231 2310 8.977995769923956e-06 1.8343742098027545 4.926291290008322e-06 5.3758783384871833e-06 6.768660356204492e-06 8.22416610946064e-06   
232 2320 7.903178860208656e-06 1.890933828139391 3.394532033684783e-06 3.3945320336847828e-06 6.83762480635508e-06 7.522723855846181e-06   
233 2330 7.298611847832315e-06 1.8606818435984582 3.394532033684783e-06 3.9127439710462397e-06 5.403553125393756e-06 8.330062450045972e-06   
234 2340 6.869863480705331e-06 1.9065899953929473 3.3240697452363577e-06 3.3240697452363577e-06 4.776990984556306e-06 7.990007052871562e-06   
235 2350 6.538043612361952e-06 1.887412867602181 3.2492038326559225e-06 3.2492038326559225e-06 4.16433774619307e-06 5.435703468226194e-06   
236 2360 5.986871896407402e-06 1.872275103448539 2.81510152477793e-06 2.8151015247779299e-06 4.327216885702256e-06 6.197015594455735e-06   
237 2370 5.529861440042216e-06 1.8575873433090389 2.81510152477793e-06 2.9759953297237018e-06 3.995031346182287e-06 4.914757884666443e-06   
238 2380 5.1450583342245475e-06 1.7650178237235632 2.538821537445557e-06 2.5388215374455569e-06 3.36907683307075e-06 4.277937442953572e-06   
239 2390 4.895595381201381e-06 1.877282946513431 1.9060641318624505e-06 1.9060641318624505e-06 4.1111784061520495e-06 4.764841218918292e-06   
240 2400 5.036103151581792e-06 1.8540452628377382 1.9060641318624505e-06 2.7016978312310869e-06 3.6573403794371018e-06 4.755346577400843e-06   
241 2410 4.619212141246299e-06 1.897888223424731 1.9060641318624505e-06 2.2935810410906754e-06 3.3819479203778258e-06 4.847663757079346e-06   
242 2420 4.851148071110718e-06 1.9126909429411634 1.9060641318624505e-06 2.6708490250548778e-06 3.5744154236461156e-06 5.098025039007581e-06   
243 2430 4.5100108654200885e-06 1.8989839314054928 1.9060641318624505e-06 2.3855990680665684e-06 3.1729388436652073e-06 3.910491181091658e-06   
244 2440 4.227164119533529e-06 1.9333994212003724 1.9060641318624505e-06 2.1666119818242180e-06 2.8822961692931415e-06 4.321736476686766e-06   
245 2450 4.010535374859179e-06 1.9774317356559141 1.9060641318624505e-06 2.0375380676007637e-06 2.991551270259407e-06 5.0204748913706965e-06   
246 2460 3.7212804595150534e-06 1.9611196608031802 1.408783437018002e-06 1.4087834370180019e-06 2.97744128063826e-06 3.4785264912962077e-06   
247 2470 3.774527016321387e-06 1.954582293641959 1.408783437018002e-06 1.6290460078671742e-06 2.3444890087098713e-06 3.2874535809135352e-06   
248 2480 3.722396390785672e-06 1.9242190467512659 1.2179214867735766e-06 1.2179214867735766e-06 2.9705027526638617e-06 3.7648801947121058e-06   
249 2490 3.6744142671188244e-06 1.9093812716991827 1.2179214867735766e-06 1.7707540007627642e-06 2.6204660845685623e-06 3.1724308873215534e-06   
250 2500 3.4519236437450568e-06 1.9200565733744974 1.2179214867735766e-06 1.6151471560199582e-06 2.298848283732724e-06 3.2210706213398055e-06   
251 2510 3.3779742004033936e-06 1.9851507967372375 1.2179214867735766e-06 1.3456492387042829e-06 2.2174104761241153e-06 2.8111528256324902e-06   
252 2520 2.9620271275844223e-06 1.9619243548148473 1.2179214867735766e-06 1.2758678136215451e-06 2.1513014627494442e-06 2.766540252441274e-06   
253 2530 2.5644356202975216e-06 1.9384107137574051 1.0493942679268287e-06 1.0493942679268287e-06 1.6476674820076198e-06 2.4082398302205377e-06   
254 2540 2.3980557852570605e-06 1.9512790997457683 8.417422461270974e-07 8.4174224612709736e-07 1.5733383205152052e-06 1.7229987538947e-06   
255 2550 2.207333467071153e-06 1.96745391289443 7.890595026260883e-07 7.8905950262608826e-07 1.2297359508472994e-06 1.9723157547169023e-06   
256 2560 1.997390104795972e-06 1.9667480109694484 7.557586099160574e-07 7.5575860991605737e-07 1.1477379584512448e-06 1.6016859381018378e-06   
257 2570 1.8359624063142652e-06 1.959743846971867 6.600486313068643e-07 6.6004863130686431e-07 1.147891524500011e-06 1.5968958639867026e-06   
258 2580 1.658610375710028e-06 1.9589127423563777 5.488088352656462e-07 5.4880883526564617e-07 8.738220889092929e-07 1.182846521619041e-06   
259 2590 1.5345596225492701e-06 1.9440754079287326 5.488088352656462e-07 6.9427827442680723e-07 8.833033438016002e-07 1.186026768795756e-06   
260 2600 1.4007106853625577e-06 1.955284043198192 4.4267767451700024e-07 4.4267767451700024e-07 8.923885315148539e-07 1.1803900545892532e-06   
261 2610 1.3308421423657692e-06 1.8894173887530505 4.4267767451700024e-07 5.6108786283814993e-07 8.79049750768246e-07 9.522701849284942e-07   
262 2620 1.2847992247475984e-06 1.9048516315270962 4.4267767451700024e-07 5.3246555298258613e-07 7.881956425315195e-07 8.863182512364176e-07   
263 2630 1.1842261985627058e-06 1.8643203084103173 4.4267767451700024e-07 5.6303371964716575e-07 7.324878024128623e-07 8.365289940748255e-07   
264 2640 1.0337716881861846e-06 1.8980005438282703 4.085382419027894e-07 4.0853824190278942e-07 6.472825551107064e-07 7.57061837663997e-07   
265 2650 9.65391609085799e-07 1.9306458453044835 3.1150404256052866e-07 3.1150404256052866e-07 6.390024585023468e-07 7.042817462554751e-07   
266 2660 9.064480373244045e-07 1.960201344450548 3.1150404256052866e-07 4.1008278062193426e-07 5.391368493867787e-07 6.713825126958284e-07   
267 2670 8.278866766225509e-07 1.9703599957510352 3.1150404256052866e-07 3.9543717322843008e-07 4.866753262611212e-07 7.299523763215632e-07   
268 2680 8.105617426261382e-07 1.961035380872443 3.0529822980795984e-07 3.0529822980795984e-07 4.3084358880562945e-07 6.02435751506647e-07   
269 2690 7.853275143934121e-07 2.031944237852997 3.0529822980795984e-07 3.1803585942569157e-07 4.2289631752012724e-07 5.738278940903285e-07   
270 2700 7.274190113244408e-07 2.0123018664129755 3.0529822980795984e-07 3.5149031107906126e-07 4.996188427419668e-07 5.434726557673741e-07   
271 2710 6.903189126298856e-07 2.06540925188903 3.0529822980795984e-07 3.8207631947173581e-07 4.961757373855846e-07 5.469165071936288e-07   
272 2720 5.988154681306084e-07 2.0526572110082424 3.0529822980795984e-07 3.8430169668757230e-07 4.6749785242994335e-07 6.029048518207958e-07   
273 2730 5.378664045011314e-07 2.1847668055185236 2.820171265405236e-07 2.8201712654052358e-07 4.5322364927713465e-07 5.554712605437828e-07   
274 2740 4.954551461008451e-07 2.156845669575414 2.6616084314312616e-07 2.6616084314312616e-07 3.2344845068976724e-07 4.542780875915753e-07   
275 2750 4.559842741105788e-07 2.1756707539881237 2.1348532586173974e-07 2.1348532586173974e-07 3.288863337225223e-07 4.036376783922435e-07   
276 2760 4.826187198098741e-07 2.1559407453727455 2.1348532586173974e-07 2.2557901546704784e-07 2.561083296548361e-07 3.104171004686407e-07   
277 2770 4.902325323537899e-07 2.180294793539557 2.1123019822155698e-07 2.1123019822155698e-07 2.804963732394583e-07 3.6873408193471846e-07   
278 2780 5.205744510639163e-07 2.153312241567408 2.1123019822155698e-07 2.2063778759573438e-07 2.723369694201949e-07 3.6722446639103623e-07   
279 2790 4.910463309012897e-07 2.1253184204328193 1.629732300223452e-07 1.6297323002234521e-07 3.2503083646773234e-07 3.524387151010444e-07   
280 2800 4.707982827569057e-07 2.084168903671807 1.629732300223452e-07 2.2593820192540193e-07 2.569645407568544e-07 3.7279672726597823e-07   
281 2810 4.55705993001309e-07 2.162689990309081 1.629732300223452e-07 1.9661907701973291e-07 2.5632730116242897e-07 2.9991867167566966e-07   
282 2820 4.056143711799108e-07 2.2269205574095436 1.629732300223452e-07 1.8653596045581367e-07 2.618996401970719e-07 3.5106173301713284e-07   
283 2830 3.705678822568576e-07 2.2445335661817993 1.4288326299904952e-07 1.4288326299904952e-07 2.6601259905945085e-07 3.340022449727087e-07   
284 2840 3.269779083620755e-07 2.2140308880634305 1.3969485523901426e-07 1.3969485523901426e-07 2.0587153359841182e-07 2.711278850320298e-07   
285 2850 3.118168449250474e-07 2.182367466441942 1.1832737856209974e-07 1.1832737856209974e-07 1.5583908252736478e-07 1.845364825392437e-07   
286 2860 3.228759542806335e-07 2.116540298299698 1.1805666533248882e-07 1.1805666533248882e-07 1.4275026005705627e-07 2.0496034780492778e-07   
287 2870 3.182202800289122e-07 2.0395626184062263 1.0177874587569136e-07 1.0177874587569136e-07 1.5373797568329906e-07 2.24320928499111e-07   
288 2880 3.1742126284519416e-07 1.9901444554925676 1.0177874587569136e-07 1.3089612638239601e-07 1.6067789632145946e-07 2.1641796310589712e-07   
289 2890 2.9720206128296877e-07 1.9737491300471532 1.0177874587569136e-07 1.0689590057566534e-07 1.750248057597048e-07 2.301969037610263e-07   
290 2900 2.8027942101285906e-07 2.0110433483923744 1.0091373470189069e-07 1.0091373470189069e-07 1.6085534015886083e-07 2.0705010728150341e-07   
291 2910 2.563325450673274e-07 1.9707483551446046 9.822552771154847e-08 9.8225527711548466e-08 1.51618909871587e-07 1.714933586249856e-07   
292 2920 2.4159236901641264e-07 1.9317448794556187 9.477782869637963e-08 9.4777828696379629e-08 1.2152328254799727e-07 1.655920276455447e-07   
293 2930 2.2465986867204666e-07 1.8345924120248986 8.826337394296502e-08 8.8263373942965018e-08 1.1583722825392329e-07 1.5286947219195213e-07   
294 2940 2.0628954839343262e-07 1.8238410413309185 8.121202244026904e-08 8.1212022440269038e-08 1.1663140897510971e-07 1.394224580231196e-07   
295 2950 1.9761457865482896e-07 1.8435670284525478 7.23622268772317e-08 7.2362226877231706e-08 1.1717288872503673e-07 1.3404761434188117e-07   
296 2960 1.9786671022551984e-07 1.8608595859535557 6.893662218843133e-08 6.8936622188431329e-08 8.083732128127963e-08 1.1949821088208523e-07   
297 2970 1.7897932253108424e-07 1.8680547214445427 5.593685559190931e-08 5.5936855591909307e-08 8.362224024338616e-08 1.386666999003694e-07   
298 2980 1.5846768687693823e-07 1.8685484165806852 5.583182316470925e-08 5.5831823164709249e-08 7.953946878913598e-08 1.092165047289484e-07   
299 2990 1.5357691809208518e-07 1.9057451907336012 5.1882438345529636e-08 5.1882438345529636e-08 6.861487422682444e-08 8.384077831991021e-08   
300 3000 1.5747086039750686e-07 1.8703628332839701 5.1882438345529636e-08 5.7656273089179422e-08 7.734758655786322e-08 9.670751355272955e-08   
301 3010 1.517031708380453e-07 1.9244106178038505 5.1882438345529636e-08 5.3175004399719228e-08 7.939418766866879e-08 9.566719372244847e-08   
302 3020 1.4007681051802663e-07 1.8740920686448068 3.9090260361973606e-08 3.9090260361973606e-08 6.494717696980956e-08 9.931865152523756e-08   
303 3030 1.291220896683527e-07 1.9182882845383133 3.9090260361973606e-08 5.0815970542572586e-08 6.142130759556608e-08 7.760891351793475e-08   
304 3040 1.2135372037293059e-07 1.940829499499295 3.9090260361973606e-08 4.5562878359106662e-08 5.8540255754024884e-08 8.129455197902757e-08   
305 3050 1.1406808198434481e-07 2.021853402871423 3.6739010500497216e-08 3.6739010500497216e-08 6.523859186202685e-08 7.432942839002976e-08   
306 3060 1.0032015440328471e-07 2.0764571871362327 3.6739010500497216e-08 3.9565752008030586e-08 4.895802563353868e-08 6.18895197312952e-08   
307 3070 9.692475875774147e-08 2.0564774922109756 3.1174085979301935e-08 3.1174085979301935e-08 4.4271836419085275e-08 5.473407727052404e-08   
308 3080 9.676106927194354e-08 2.0248443933717364 3.1174085979301935e-08 3.2007961170421595e-08 4.218889104734558e-08 4.937093267542991e-08   
309 3090 9.420150027150597e-08 2.059319777449524 3.1174085979301935e-08 3.4696345796447758e-08 4.500851291666663e-08 5.925295143427434e-08   
310 3100 8.60208446235929e-08 2.1810795728375303 3.049170560487369e-08 3.0491705604873687e-08 5.1481287233201556e-08 5.5985371449907007e-08   
311 3110 7.616090618514967e-08 2.1930514173094506 2.5297101746701856e-08 2.5297101746701856e-08 3.890015465302099e-08 4.4709626667582825e-08   
312 3120 7.619951167302183e-08 2.224422189958996 2.5297101746701856e-08 2.6112051632054545e-08 3.7713637102143593e-08 4.590560154227319e-08   
313 3130 7.01715106183546e-08 2.117605049957077 2.5297101746701856e-08 3.0380260529483394e-08 3.408686000128114e-08 4.1142190543297374e-08   
314 3140 6.748301877681808e-08 2.120580364583886 2.0695062108444517e-08 2.0695062108444517e-08 3.0138544548918844e-08 4.558404187449128e-08   
315 3150 6.927662516571527e-08 2.0282746463181383 1.6431485949652824e-08 1.6431485949652824e-08 2.469974491603466e-08 3.47348501072986e-08   
316 3160 6.97055317382181e-08 2.0944996943596044 1.532557947214741e-08 1.5325579472147410e-08 2.730283599206018e-08 3.095038580980258e-08   
317 3170 6.97965339674463e-08 2.0914072949715408 1.1649625708542999e-08 1.1649625708542999e-08 2.3215620092997824e-08 3.2803953775584205e-08   
318 3180 6.969381335651677e-08 2.0301440914079425 1.1649625708542999e-08 1.3566478163085094e-08 2.2420249212729004e-08 3.3663419163332264e-08   
319 3190 6.635436604438068e-08 1.9726728724278677 1.1649625708542999e-08 1.2772158886065199e-08 2.1928763249690064e-08 3.614105681393198e-08   
320 3200 6.523145768858317e-08 1.9744446987015123 1.1649625708542999e-08 1.3925995023811311e-08 2.2016955814052608e-08 2.6503837791125306e-08   
321 3210 6.440345985547306e-08 1.8858525466604226 1.1649625708542999e-08 1.1986607706404584e-08 1.9595067346500628e-08 2.4226733064125483e-08   
322 3220 5.7335546307361356e-08 1.8524284983997419 1.1649625708542999e-08 1.5595095437248574e-08 1.7700337640036423e-08 2.6280322362737252e-08   
323 3230 5.265991106782046e-08 1.8232844853597558 1.0411490780626309e-08 1.0411490780626309e-08 1.8666711287806947e-08 2.0769111319651756e-08   
324 3240 4.624940633881572e-08 1.8758957190549048 9.963710301263973e-09 9.9637103012639727e-09 1.602158450353386e-08 2.2827649548418094e-08   
325 3250 4.1439578298368756e-08 1.8167250003575393 9.963710301263973e-09 1.2078406275151110e-08 1.4939108172740134e-08 1.80703350061151e-08   
326 3260 3.5672672813686034e-08 1.8510566866378002 7.92657006698505e-09 7.9265700669850503e-09 1.3309428670282841e-08 1.8551230329677537e-08   
327 3270 3.26032008330156e-08 1.8273030146782054 4.936137276700947e-09 4.9361372767009470e-09 9.46082723274344e-09 1.298389706860803e-08   
328 3280 3.0195755115893965e-08 1.9162663966761073 4.884882276456892e-09 4.8848822764568922e-09 1.112665204416885e-08 1.544825822819007e-08   
329 3290 2.8921628388093724e-08 1.9292484465601532 4.884882276456892e-09 5.3767270635773912e-09 8.104816817677829e-09 1.3058283787614755e-08   
330 3300 2.8915184772303165e-08 1.9046180080445876 4.884882276456892e-09 4.9881738739543380e-09 8.58492699151725e-09 1.1110771414024612e-08   
331 3310 2.6543376604199433e-08 1.8612407086105527 4.884882276456892e-09 5.4364055479538820e-09 8.211394675328165e-09 1.0396807414991827e-08   
332 3320 2.367319244871197e-08 1.845482983871528 4.657885188663613e-09 4.6578851886636130e-09 7.880260444181886e-09 9.497548081327523e-09   
333 3330 2.1568068020015806e-08 1.8407350570014505 3.41054873231883e-09 3.4105487323188299e-09 7.1310393146006845e-09 9.956235391683776e-09   
334 3340 1.9418490193077378e-08 1.8386751125212175 2.524199960163287e-09 2.5241999601632870e-09 6.3797291893763486e-09 9.023356728476983e-09   
335 3350 1.780099111049021e-08 1.8513702915795156 2.524199960163287e-09 3.5877083526258957e-09 5.24350740604973e-09 7.2231789438603755e-09   
336 3360 1.7088781801795285e-08 1.8120337018448418 2.524199960163287e-09 3.5953502397489956e-09 5.745452558159059e-09 6.905839899928878e-09   
337 3370 1.5889465851402066e-08 1.892644504311897 2.524199960163287e-09 3.1116411669529498e-09 4.816620435832419e-09 6.823122067345366e-09   
338 3380 1.4066739482305853e-08 1.8606210760346793 2.4949469157320436e-09 2.4949469157320436e-09 4.586219848334849e-09 4.956064447725339e-09   
339 3390 1.2962577030578674e-08 1.8344458203786487 2.4949469157320436e-09 2.8005477936687839e-09 3.7179757050864737e-09 4.972900757849175e-09   
340 3400 1.1509370426818345e-08 1.8626789932629666 1.837979102248255e-09 1.8379791022482550e-09 3.865793463120326e-09 5.30899457729106e-09   
341 3410 1.0700570378949047e-08 1.79502358024086 1.2850631669891754e-09 1.2850631669891754e-09 3.141594095978917e-09 4.953694787701579e-09   
342 3420 9.554122574403543e-09 1.8059521711614925 1.2850631669891754e-09 1.8468466755905411e-09 3.0257436556269113e-09 3.54720741668757e-09   
343 3430 8.216811088433172e-09 1.8312484301865855 1.2850631669891754e-09 1.3824963396302792e-09 2.318945480084267e-09 2.8421358599928226e-09   
344 3440 7.442654951416929e-09 1.854840736101511 1.2850631669891754e-09 1.5553038856808143e-09 2.019036049460965e-09 2.8596081058651635e-09   
345 3450 6.893481109174987e-09 1.8086136333190324 1.2850631669891754e-09 1.6831660509808444e-09 1.8998567163919233e-09 2.4386221930683405e-09   
346 3460 6.343678975454393e-09 1.8630296147667487 1.226748924665344e-09 1.2267489246653440e-09 1.88052640126557e-09 3.3098648266616237e-09   
347 3470 5.759862802108608e-09 1.8811733739890908 9.265268552383077e-10 9.2652685523830769e-10 1.6493442167586636e-09 2.4671007459176053e-09   
348 3480 5.354150939032217e-09 1.8655691547517173 9.265268552383077e-10 1.2460152909454791e-09 1.605493071821229e-09 1.7058003898284824e-09   
349 3490 4.916063494790725e-09 1.9293112604930507 9.265268552383077e-10 1.0292287022650726e-09 1.4267311776450242e-09 2.1808799210987218e-09   
350 3500 4.757808577297011e-09 1.9156440084216981 9.265268552383077e-10 1.0262124483517709e-09 1.4930106040367264e-09 2.128356602071335e-09   
351 3510 4.476858256003323e-09 1.87948140102091 9.265268552383077e-10 1.2009278016478220e-09 1.4480936449956516e-09 1.764786095037607e-09   
352 3520 4.14862948906895e-09 1.85158182799345 9.265268552383077e-10 1.0679745976460708e-09 1.5644912032541924e-09 1.8872836626826484e-09   
353 3530 3.733834342887625e-09 1.8468698555277852 9.183982463412121e-10 9.1839824634121214e-10 1.2647736191695458e-09 1.5414127751967044e-09   
354 3540 3.729312104694182e-09 1.8782628398804149 9.183982463412121e-10 9.9306918244224107e-10 1.1932184129648249e-09 1.2900831514173206e-09   
355 3550 3.724151287312235e-09 1.978291916142294 7.277241031999893e-10 7.2772410319998926e-10 1.2765188905916602e-09 1.8218178077233915e-09   
356 3560 3.6327793620848413e-09 1.992296822368995 5.421338933331299e-10 5.4213389333312989e-10 9.587499683050282e-10 1.227104196033224e-09   
357 3570 3.682636474107389e-09 2.0264492656346746 5.421338933331299e-10 7.5041883818016686e-10 9.624803176677688e-10 1.1721579262768955e-09   
358 3580 3.6466672240169808e-09 1.9986712964666506 5.421338933331299e-10 5.4686255523961336e-10 7.71198660487471e-10 9.211906792927493e-10   
359 3590 3.73719738246931e-09 2.032931031371861 5.421338933331299e-10 5.6890003818921286e-10 9.056084770975303e-10 1.283610107094546e-09   
360 3600 3.7218854553581857e-09 2.000695638872244 5.421338933331299e-10 6.6162586520590594e-10 7.790679212860141e-10 1.0376699499659026e-09   
361 3610 3.3760518125850136e-09 1.9966953473650422 5.243738776528062e-10 5.2437387765280619e-10 7.509162180951989e-10 1.274117256144791e-09   
362 3620 3.0080404418719194e-09 1.959562303037012 3.0752689283986e-10 3.0752689283986001e-10 6.697367105346075e-10 8.726641631540133e-10   
363 3630 2.6239424899229875e-09 1.9372708244286172 3.0752689283986e-10 3.9710501553713584e-10 6.37584651741463e-10 9.053491289989779e-10   
364 3640 2.333920846186687e-09 1.9482420998415035 3.0752689283986e-10 3.8039305039205829e-10 5.703317818017695e-10 8.82000694701901e-10   
365 3650 2.107988482183378e-09 1.8874781781944714 3.0752689283986e-10 3.1193581051525143e-10 4.986380197635754e-10 7.37007344042695e-10   
366 3660 1.9986732773795293e-09 1.9346175071216511 2.4530821818302684e-10 2.4530821818302684e-10 4.478484250114434e-10 7.298521786935908e-10   
367 3670 1.9332219061008308e-09 1.889468740339085 2.4530821818302684e-10 2.7344571051912681e-10 4.1478687151652593e-10 5.166502781150939e-10   
368 3680 1.8579453846593112e-09 1.8605934397637585 2.4530821818302684e-10 3.3998448500938139e-10 4.687668031522207e-10 5.710245609691356e-10   
369 3690 1.6779037392229952e-09 1.8915892557219436 2.4530821818302684e-10 2.8315172428960977e-10 4.124207642064448e-10 5.164548788627599e-10   
370 3700 1.5362872276673388e-09 1.9422536229271834 2.4530821818302684e-10 2.7118263190573089e-10 4.031837086415635e-10 5.89679860496517e-10   
371 3710 1.3287506570804996e-09 1.9864185432523538 2.386362218942395e-10 2.3863622189423950e-10 2.9783153721041344e-10 4.938773834339827e-10   
372 3720 1.1882393549479601e-09 2.0236190744551203 1.2697798368321855e-10 1.2697798368321855e-10 2.732680748351868e-10 3.287081717928686e-10   
373 3730 1.0937188591022304e-09 2.03209947292445 1.0837952757469793e-10 1.0837952757469793e-10 2.1586687992680709e-10 3.747762100658747e-10   
374 3740 9.938404361315634e-10 1.9754429658360257 1.0837952757469793e-10 1.4672396630999174e-10 2.03883576688213e-10 3.017111005476636e-10   
375 3750 8.919199127607074e-10 1.9561263262555113 1.0837952757469793e-10 1.3470513593460964e-10 2.0825696722681641e-10 2.7793634060913064e-10   
376 3760 7.944631798664498e-10 1.9721064466652838 1.0837952757469793e-10 1.3758638672811685e-10 1.7785284356364173e-10 2.209472604874918e-10   
377 3770 7.035390121965983e-10 1.9317447778665011 1.0837952757469793e-10 1.3388090636112793e-10 1.7660228834870395e-10 2.1964341456737202e-10   
378 3780 6.423387987830168e-10 1.953204204729179 7.685629910270109e-11 7.6856299102701087e-11 1.4278045412652318e-10 2.0684298718265381e-10   
379 3790 6.142023283942425e-10 1.8992180555466633 7.685629910270109e-11 9.4058538735453112e-11 1.229705226535316e-10 1.7495027648806172e-10   
380 3800 5.865221167237835e-10 1.8991401977388718 7.381872890732666e-11 7.3818728907326658e-11 1.145186168116652e-10 1.3237810847499532e-10   
381 3810 5.554661306777843e-10 1.9717143732020925 6.565104015976431e-11 6.5651040159764307e-11 8.537570650446469e-11 1.2105916269433692e-10   
382 3820 5.316489277998284e-10 1.9730771280032666 6.565104015976431e-11 8.0483619768756398e-11 1.2282486139270077e-10 1.464823817798333e-10   
383 3830 5.011880619846338e-10 2.015729917555352 6.259570639599588e-11 6.2595706395995876e-11 9.342615570062662e-11 1.3249179531271693e-10   
384 3840 4.727928920201712e-10 2.003105632903887 6.259570639599588e-11 6.4126925991558892e-11 8.742562229713258e-11 1.2740786203835341e-10   
385 3850 4.409875891724998e-10 1.99201602817886 4.808997644545343e-11 4.8089976445453431e-11 8.643796789442604e-11 9.624345764791542e-11   
386 3860 4.066587551940682e-10 2.0073060541369903 4.1442849152417693e-11 4.1442849152417693e-11 6.729239387937014e-11 9.477973961224961e-11   
387 3870 3.950785033666018e-10 2.0652473928552637 4.1442849152417693e-11 4.1879832934910155e-11 6.968692289888168e-11 9.171374770744478e-11   
388 3880 3.606097708179354e-10 2.056853995712041 3.9527936479544223e-11 3.9527936479544223e-11 7.619194164476539e-11 8.96744900558133e-11   
389 3890 3.4178783217520823e-10 2.113585229441125 2.9065194695476748e-11 2.9065194695476748e-11 5.943379122186343e-11 7.950307079340746e-11   
390 3900 3.397962212053156e-10 2.1014298104146816 2.9065194695476748e-11 3.1441960146594283e-11 5.242073441991124e-11 8.563505460301712e-11   
391 3910 3.017363249251982e-10 2.075463189052464 2.8635316340341888e-11 2.8635316340341888e-11 5.255929025338446e-11 7.873213192510775e-11   
392 3920 2.6645000001307927e-10 2.03352421779145 2.8635316340341888e-11 3.3502534080298574e-11 5.474776187952557e-11 6.645040073749442e-11   
393 3930 2.4135483194030625e-10 2.0481607082567033 2.8635316340341888e-11 3.6159963912041349e-11 4.214983917449899e-11 5.530198521341845e-11   
394 3940 2.2492504819453006e-10 2.0007136586247727 2.362243733955438e-11 2.3622437339554381e-11 4.6199932768331564e-11 6.442535394057813e-11   
