% # columns="iteration, evaluation, sigma, void, void,  stds==sigma*sqrt(diag(C))", seed=744655, Tue Feb 25 07:19:03 2020, <python>{}</python>
1 10 0.45164921941357866 0 0 0.45145300082488515 0.4522910539116725 0.4430779919363544 0.45729380007363496 0.43575798234318697 0.44459773279547776 0.43231158748323506 0.4525587137680939 0.45057405815808516 0.4530031259698614
2 20 0.39049538375241344 0 0 0.38869047830648795 0.3997564147310333 0.3872315149837587 0.38398723151878794 0.37196048163624973 0.3804829742547888 0.3738300828138675 0.3933259163219651 0.38003995823126746 0.37983974713914415
3 30 0.378991386204758 0 0 0.37642687142651154 0.36964465428718923 0.38212869979094466 0.37063671901067696 0.370290516203158 0.3735966235779733 0.3610762282418766 0.3831604325938661 0.3636680672574277 0.38845771652853606
4 40 0.3466877250118841 0 0 0.3462415110990167 0.349222034477474 0.3416305295421194 0.32819319971780475 0.3392783867422326 0.33744498149827795 0.32868952346668706 0.3549753697686175 0.337116946522237 0.3487894406653552
5 50 0.3444495419344274 0 0 0.3421843031674046 0.3423237677625417 0.33927834468332735 0.322479494875654 0.3450780714584079 0.32734886203439106 0.32510980875384926 0.3557248576042466 0.33646846280047704 0.34811491801767713
6 60 0.32249105148150614 0 0 0.3096203462161955 0.32346984020226704 0.3129394931899586 0.2964042697533621 0.32234765290604095 0.3032527910111707 0.3054885483248477 0.3298674589066265 0.30486154720669617 0.32854895594672795
7 70 0.31894144560251925 0 0 0.30747498849750465 0.3189806259792973 0.30108500777069985 0.2925669389710745 0.3130197009388248 0.3136901868210853 0.3039077020776042 0.31634004197570426 0.300393384367895 0.3222352765613685
8 80 0.2887766180380734 0 0 0.2763833355961612 0.2874187473657698 0.26545482742922233 0.2585203870625377 0.27908020025631375 0.2795918141720856 0.2789763091037452 0.2787254528891021 0.2726812786431444 0.290191273155577
9 90 0.27914626725675257 0 0 0.2692568277130412 0.27638530126261746 0.2640132003779303 0.23699609696549653 0.267474123456967 0.2737934458002854 0.2743367024795128 0.2629091492521206 0.25971663843127196 0.2880245819665894
10 100 0.2699944017982763 0 0 0.26543771204926814 0.26469757406258854 0.2563534679510787 0.22307107180748512 0.2593029851266256 0.2680782001763348 0.27212948966650385 0.25085509887188756 0.24696987474530674 0.26927751617640516
11 110 0.2595775142554504 0 0 0.24742130572974969 0.2530036103712235 0.24463889973915556 0.21166395575505897 0.24890675766035608 0.25893148833419366 0.26265224912704577 0.23738361007727496 0.23278669552975526 0.254985282321356
12 120 0.24214608126744547 0 0 0.22910780428778746 0.2277906125575064 0.22871144983055725 0.19035792596520082 0.23074039118316977 0.24156141525301608 0.24616923792481663 0.22426018125546376 0.22005997308129402 0.24010861932177666
13 130 0.22869095567437564 0 0 0.21870113244660241 0.20873473388904415 0.21335865154686393 0.1810602395529361 0.21580822661962573 0.22248499828412718 0.2306629058499451 0.20986881910121621 0.20754113590544415 0.22596466739297394
14 140 0.20994148966720488 0 0 0.19859982464270076 0.19206108338787697 0.19254984145419676 0.1682524426836577 0.1900027969492566 0.20529973370267382 0.2083449610487624 0.19210947622182412 0.18657858489601514 0.20884121147712575
15 150 0.17995632152670263 0 0 0.16871867417996197 0.164864045259668 0.16397227974294507 0.14184697027474477 0.1576017725510067 0.1765777381130893 0.17620643359425678 0.16228006832247893 0.15864786220569682 0.17591062132751317
16 160 0.16117083606916321 0 0 0.1511640522856281 0.14349196300017417 0.14595391642760394 0.12883908818342882 0.14181944808188762 0.1566342021130132 0.1598586651711386 0.1429900328399231 0.13859311804587388 0.15173750041434228
17 170 0.14856667609933918 0 0 0.13740306998738727 0.12932560751139602 0.13596901263518088 0.11339948992663419 0.13006151329815685 0.14574343410171758 0.14864102546421296 0.12920592241465814 0.1281825734782342 0.14022991889103317
18 180 0.14024205509887724 0 0 0.12721242768931973 0.12152955006486621 0.12838901411661724 0.10667193282780425 0.12212661098842921 0.13351055345950677 0.13933927991235046 0.11985557330583615 0.12098102671894449 0.13225484959511621
19 190 0.13093410706801523 0 0 0.11733906241819374 0.11262702920508594 0.11912301708307417 0.09860528609196255 0.11167871256352585 0.12542603469325994 0.13090915717585144 0.10846001020789545 0.114030443147827 0.12260063361129488
20 200 0.12627591024956844 0 0 0.11162176943678383 0.10745587234121964 0.1122507803890147 0.09349953348593885 0.10533296133866285 0.12168343394917597 0.12366773201756867 0.10443907198740335 0.11004521296070391 0.1192015113958486
21 210 0.12186499878386928 0 0 0.10654491450408585 0.09990237701791418 0.11024494092014317 0.09011823077772153 0.10265470949337242 0.11645620840199512 0.12110241395945627 0.10011875163222222 0.10687260854361108 0.11324942502111737
22 220 0.11628488133227699 0 0 0.09975456911775314 0.09521309650052542 0.10265503230778528 0.08851277968235688 0.09739027132336082 0.11017501843519867 0.11224742881620674 0.0928869598040021 0.10250713764776073 0.10780512936777471
23 230 0.10239960313978684 0 0 0.08746287025368511 0.08155386602351945 0.08967560120464971 0.0766574321758491 0.08509796277445206 0.09575510417575886 0.09972239276588216 0.08146998177625878 0.0865663714488557 0.09296042288803026
24 240 0.08812914355166768 0 0 0.07518377409722926 0.07001768977255186 0.07676448195956695 0.0654203715898081 0.07230314337373907 0.08145423264963944 0.085819432553188 0.06928220156497952 0.07321999118849556 0.07694113796887564
25 250 0.08010133726144254 0 0 0.06873822251912687 0.06251145214974331 0.06982711553758496 0.05894293847006201 0.06594771473933919 0.07304623152066417 0.07746693115794707 0.061211126332209924 0.065656980158454 0.0694201148421151
26 260 0.07823616939917194 0 0 0.06837782771514866 0.06026341992403935 0.06777322981839848 0.056972874987114355 0.0643343862004929 0.07001254530575735 0.07327437720766812 0.05887896327342131 0.06316392917869981 0.06843960522280927
27 270 0.08184416437708594 0 0 0.0714831718731439 0.06224807562838248 0.06938032964477112 0.06293373558908769 0.06684362715804017 0.07147394821827184 0.07869950831138574 0.06281063976773754 0.0642023908899794 0.07083098515318932
28 280 0.07832265810596273 0 0 0.06707492621501197 0.05946585520657683 0.06386500559697997 0.060301259692600584 0.06194474917715648 0.06845400179607285 0.07507608985855514 0.05932069404963735 0.06102570680624681 0.06772657217683958
29 290 0.07132442326749062 0 0 0.06088132278778256 0.054035829472706375 0.05819425143276659 0.05253926540053323 0.056113209986846005 0.06158781487754078 0.06649715627250273 0.053650907538833136 0.05546884754847715 0.0623611004416778
30 300 0.07103539569953485 0 0 0.05990534673798219 0.053703908062559175 0.05646232353842375 0.05094256530115594 0.05567371193428193 0.06041513384288431 0.06566083583337604 0.0537009463527622 0.0569744424618267 0.06231767017580349
31 310 0.06550501937381228 0 0 0.05456518375051414 0.048538779265232035 0.05243669645032646 0.047051909141182686 0.04952584592077439 0.05502530371748235 0.05965807818684487 0.04878004322222344 0.053449862802009605 0.056331666165078516
32 320 0.06035585355480306 0 0 0.048599099470657596 0.04485907893353269 0.047473929164255586 0.04159371660087405 0.044625429911193996 0.05035879060328655 0.054315255502866984 0.04533015784528395 0.049033338311600574 0.05101275469557143
33 330 0.052907072591414646 0 0 0.0430494768918191 0.03695223325580317 0.040538487572479784 0.03656791224964203 0.03870130729187743 0.04425677804822921 0.047138624657529354 0.039139688651132216 0.04234513516017951 0.04469887376252568
34 340 0.04927651371178711 0 0 0.04006949343158931 0.03445962549993183 0.03757022912675598 0.03346393864186965 0.035542929611790036 0.039469220721190225 0.043484664866043424 0.03530321215578159 0.039372445504734704 0.04193343081526363
35 350 0.0479344974947588 0 0 0.03823116449454287 0.033430356883265185 0.035281660637072616 0.03170147592819449 0.03496540081412018 0.03750370778018996 0.042775605538794205 0.034528696952255626 0.03917347089204949 0.04088885224374014
36 360 0.04628668909176752 0 0 0.03701439070276704 0.03222090636941831 0.033960754187360956 0.030438781924589018 0.03398599149921523 0.035097791868706436 0.040935618448909715 0.0335002401164636 0.037204838713463056 0.038825694358922316
37 370 0.042551157471046784 0 0 0.03416134285844749 0.029332083116840418 0.030642285869486762 0.027410146691351455 0.031193122065613955 0.031021082248546928 0.036843702184552005 0.030433788131375962 0.03445900085782186 0.03491165231801302
38 380 0.038695722498418454 0 0 0.030876620374714725 0.02632113789464287 0.0274734059149821 0.024806601727077066 0.027979803637414195 0.02772195964547657 0.033200816959636135 0.026940479379712855 0.030929349453813416 0.03170202956399122
39 390 0.035101879271848685 0 0 0.02720225701734999 0.023841271482702667 0.02471493568009964 0.023398079261577134 0.025544074503656897 0.025210637851101163 0.02939351119826688 0.02406390588205058 0.02664090022323353 0.028409049243842115
40 400 0.03283722702350086 0 0 0.025048562432387754 0.021840045539007133 0.023159538422937633 0.021669593781925373 0.023774310187082853 0.023521934931000455 0.02739259965330122 0.022490217089770503 0.023945318126940177 0.02647997311559212
41 410 0.03203118505191237 0 0 0.022787112000656553 0.02110055222460835 0.02227201944794606 0.020962820164485203 0.023193835320151523 0.023523367389422706 0.02693804657889458 0.022192151809658448 0.022716002360280305 0.026568874751772983
42 420 0.03168229858998434 0 0 0.021652136788690324 0.02095182974234338 0.022053240322846345 0.020458347659339817 0.022673446778998733 0.022757826246341584 0.02656388871284685 0.02303514911528157 0.022532597036845278 0.026116316212121234
43 430 0.029495752764551977 0 0 0.020271059463869527 0.019340103185678092 0.020882971764756515 0.018510016336474915 0.020923441056289134 0.0211926472655055 0.023407033806239617 0.021239059681129713 0.020832479917146936 0.02381828997536887
44 440 0.028539566311547297 0 0 0.0198412966175 0.01842879107229228 0.0200822692190079 0.017997209848134032 0.020198584220665807 0.0204346525900062 0.02174828581114189 0.020800288992739276 0.020000875001086785 0.022735234481929628
45 450 0.026499508670520762 0 0 0.018180306366871592 0.01723081723449626 0.018489221399658244 0.016263470835895917 0.01873620342451839 0.01821598087454105 0.020190499966973433 0.01899763309600088 0.018802924450156477 0.021954080350788212
46 460 0.02332836575111744 0 0 0.015880544406228367 0.015032516580485327 0.016065492692905994 0.014085031504178488 0.0165670105346139 0.01598859393484303 0.017816411664151165 0.016167649076259616 0.015904177110578538 0.01894168935931186
47 470 0.021117355505977313 0 0 0.014346110515962766 0.013609692405792751 0.014245377106683325 0.012451905141386596 0.014905812852663358 0.01415002378289443 0.01606378710277185 0.014457911006418406 0.014463948418069255 0.017289325651225006
48 480 0.017753994867973785 0 0 0.011634641920584653 0.011345105377695418 0.011926532521659016 0.01045795498488282 0.01239093234020315 0.011909273704696433 0.013386474474762223 0.012086362204120644 0.012157823087040978 0.013968929226588604
49 490 0.01640790673850342 0 0 0.010777418941876565 0.010346332388212875 0.010985340304434474 0.009219585661544521 0.011492310142000462 0.010695912312124255 0.01251177999439997 0.011280882363152852 0.011148323199988285 0.012714624042080675
50 500 0.015432111591568204 0 0 0.009976603193059236 0.00942016259117591 0.010153857488283286 0.008754353417539905 0.010820740794483901 0.009849404066214614 0.011650680922036895 0.010558988972357235 0.010419217812454392 0.011699842991178277
51 510 0.013907589231288564 0 0 0.008945540474841106 0.008358612523478769 0.00889818084998506 0.007797582638369424 0.00976054144831221 0.008733726790544445 0.010608120722721912 0.009348267907058087 0.009253642073885592 0.01047143560002842
52 520 0.01322668601542991 0 0 0.008444246210097622 0.007782856775394037 0.008285578931597188 0.0074057132485033745 0.008799429781559044 0.008404128826602216 0.009941397629655405 0.00887420906623354 0.008873429704955332 0.009827629375859613
53 530 0.012502402513451576 0 0 0.008090993823920286 0.0075379823715142555 0.00786567728311586 0.007079146148393855 0.00836638572301681 0.007911214539416313 0.009279241045076896 0.00805999960583104 0.008097158227554083 0.009009140478617523
54 540 0.011258420306605678 0 0 0.0073361081799946685 0.006723295117021484 0.007055016396488259 0.006298361286876891 0.007482561454471202 0.0070035929018347565 0.008132174222852234 0.007228627499987736 0.007159927567573711 0.008133374659066418
55 550 0.010260357386884553 0 0 0.0064904344971743145 0.006108139379974732 0.0063206760073733015 0.005704384680502474 0.006816141480024417 0.006287320898858259 0.007348454623584049 0.00648015071850582 0.006458511743362665 0.007330326834904235
56 560 0.009848492521222725 0 0 0.0062391572069409405 0.006292748842915795 0.005973782617090689 0.005414696684360261 0.006528521782949869 0.005885003690536936 0.006999270165630981 0.006268208424181683 0.006340479009601751 0.006857335216726923
57 570 0.008786536300411096 0 0 0.005493270024548389 0.005444875073369884 0.005329972170444552 0.0047752236338730655 0.005707979622137598 0.005219637268935335 0.006217446707827936 0.005555470236441102 0.005594643696997252 0.005949179201792802
58 580 0.008124117226615957 0 0 0.004751245417492228 0.0050782670459915856 0.0049260741475595764 0.004417170736307281 0.005357845761101561 0.004806317126945687 0.00579723506758583 0.0051033002596785485 0.005025870506544176 0.0054381701585707485
59 590 0.007487683159033278 0 0 0.004201907431616164 0.004669276441101777 0.004471772689265708 0.0040846518435389305 0.004882318472128975 0.004444587180926013 0.005346349665744924 0.004679178889798093 0.004555628946522826 0.004868907915193876
60 600 0.007451116888771603 0 0 0.0040997548660769 0.004640882348140088 0.004413957078804036 0.004064292034183669 0.0048070682506540915 0.004402694203899448 0.0052273191194501375 0.004646832662241022 0.004588402205747587 0.004784409742303913
61 610 0.008186179094140983 0 0 0.00455381779297923 0.005206345211803843 0.004725230634587716 0.0046175835985527445 0.004951248268711913 0.004803090117911111 0.005716390002089845 0.005139785585195346 0.004978275854602868 0.005259893736332125
62 620 0.008665733529401079 0 0 0.004773759320855421 0.005500793756914916 0.004855098721105597 0.004845009967237472 0.005374656037989137 0.004944560398436029 0.006309551840029474 0.005464187988226514 0.005226135464938485 0.005540910507845083
63 630 0.00834276116504234 0 0 0.004623313340804159 0.005257999085120596 0.0047740403035669825 0.004591762513351395 0.00508018765804784 0.0047559503511730465 0.006123111804538125 0.005113543524862865 0.004974627243259995 0.005292414550411117
64 640 0.008178697389422798 0 0 0.004553681057781248 0.005041316633106035 0.004745224451446347 0.0044537953444942205 0.004918116924841156 0.0046824646758460275 0.005910652266714854 0.0050113862417886165 0.004775542552938021 0.005093216206667203
65 650 0.007672530213294151 0 0 0.004260716517098147 0.004593352524520056 0.004414656594819464 0.00409998761665572 0.004482771991916745 0.004382092333419076 0.005477855070471627 0.004685903387805359 0.004378059633238531 0.004867940100440324
66 660 0.0073267111145789475 0 0 0.00401586239533056 0.00442394290268167 0.004177870459476696 0.0037323972025862136 0.00426574943408244 0.004206556114714457 0.0052390093553681 0.004540695105808135 0.004154063205068486 0.004578138061244209
67 670 0.006750426975739099 0 0 0.003693492154862413 0.00403203282478201 0.0038040017536763782 0.003405375741946101 0.0037729324159092924 0.003906762553525624 0.004717325125093276 0.004195356347476487 0.0037249968765563015 0.004217784562495887
68 680 0.006232977122145441 0 0 0.0034267175065819436 0.0037436861481057924 0.003511393396892392 0.0030586948675191206 0.00342012669567205 0.0036613602442729138 0.004428019079454268 0.0038062512541911296 0.0033735791942384945 0.00389545895924223
69 690 0.0059213851146108125 0 0 0.003241131173828818 0.0035363477561885666 0.003187932438165887 0.002893618227687727 0.0032347493088361184 0.0034443921842381427 0.004163883349986973 0.0036580582180282544 0.003229061094019385 0.0036231401223691543
70 700 0.005609766346333391 0 0 0.003065693901422829 0.00340131401800344 0.0029799200223881274 0.0026574148467344814 0.002986450984460272 0.0032150613782905876 0.00395978306641979 0.0033982470528970844 0.00301645491320155 0.003426316742589083
71 710 0.005092674007897364 0 0 0.0027979983625607972 0.003076487271471296 0.0026315491986338784 0.002402915428697917 0.002644353385393364 0.002916684441241136 0.0035518575861906484 0.003022359320060756 0.002684558725614454 0.0031092266908337883
72 720 0.004676854402125351 0 0 0.002500722243294147 0.002795202243619806 0.002401669738457395 0.0022549048628776524 0.002414066343855929 0.0026608906737822665 0.0031713318130023728 0.002698594805911342 0.0024633310426129245 0.002858758154522739
73 730 0.00417392290343123 0 0 0.002190057128630522 0.002509711478237343 0.0021020358433203826 0.0019920254609286894 0.002127546068912407 0.002350622692070841 0.002799384974186824 0.0024099271258634985 0.002190465593383137 0.0025390520081551376
74 740 0.0038377252075871096 0 0 0.0020164418986998024 0.0023113580403112564 0.0019098183836222956 0.0018522288930475363 0.0019512652937690987 0.0020543842576243717 0.0025380400761074243 0.002235523459777831 0.0020039788309017315 0.002251837228136537
75 750 0.0035386182537412705 0 0 0.0018463964948807966 0.002063259887500912 0.001755104047706943 0.0017360007929955587 0.0017881335951985388 0.0018788554190376698 0.002329016108137481 0.002075179958738937 0.001825338324396581 0.0020363894587057006
76 760 0.0031846141123133076 0 0 0.0016566978371052633 0.0018008063512853292 0.001549054467583006 0.0015623226638239503 0.0015438070900589296 0.0016722942432541596 0.002085865424273486 0.001855861474803554 0.0016240695935666025 0.0018309765894061155
77 770 0.003199435649297972 0 0 0.0016546230963720382 0.0018392896821940454 0.0015216369347234016 0.0015476278758614346 0.0015212027881492457 0.001698696667227858 0.0020749578701564244 0.0018279651038957513 0.0016364350229357797 0.0017925301010897395
78 780 0.0030484474390050915 0 0 0.0015613883424647227 0.0016805495655875394 0.0014406101643075363 0.0014862850117578574 0.0014294181582062135 0.0016245173520370684 0.001962811070944073 0.0017324168234738814 0.0015398035842784084 0.0016791047736121813
79 790 0.0029304842300633513 0 0 0.0014994390304526291 0.001593140529343297 0.0013872971652070687 0.0014006841426578943 0.0013598146699008355 0.0015778061772757199 0.0017833173826339375 0.0016650463257857216 0.001506591220117811 0.0016170515659081704
80 800 0.002845452666130044 0 0 0.001445598832477441 0.0015656833762514883 0.001331033034410264 0.0013722755089120992 0.0013498872978839314 0.0014991440414184173 0.001695354844885954 0.0016184667493016672 0.0014592998951063363 0.0015531410785048232
81 810 0.0026848373874693568 0 0 0.001367752500938018 0.001479278472895376 0.0012740324951412457 0.0013125977637720588 0.0012873465820159014 0.0014137865560775796 0.001579538802600561 0.0014979935304181228 0.0013399854984805191 0.001444977580064849
82 820 0.002412102804302662 0 0 0.001215748086242788 0.001317692546330808 0.0011359937220245687 0.0011624474941269126 0.0011491350211876425 0.001220681967002489 0.0014055491103897113 0.0013280670808583702 0.0011937934518525763 0.0012773718238168845
83 830 0.002219162811591292 0 0 0.0011025764549169859 0.001194165121220985 0.0010286924357643095 0.0010765348826254492 0.0010190732142935691 0.0011110469341716002 0.0013229419238793543 0.0012211839528887254 0.0010848970266469778 0.0011626603609264832
84 840 0.0019921698599203548 0 0 0.0009990384953770346 0.0011082341908632066 0.0009268015823725296 0.0009596017285974636 0.0008727368795282095 0.0009728535682833846 0.0011952358053905932 0.0010839211877835125 0.0009661741959438848 0.00102100332682055
85 850 0.001793353760158504 0 0 0.0008699179622365231 0.0009971258509333658 0.0008371882580746747 0.000853424182746879 0.0007799709814591143 0.0008481515268149487 0.0010613583683877473 0.0009527016358962865 0.0008679230654562569 0.0008881224202723385
86 860 0.0016441892973654846 0 0 0.0007896335597245858 0.0009138187996267575 0.0007334642801617032 0.0007908926753090697 0.000712567354360029 0.0007569018414808494 0.0009797261905190623 0.0008644540841882097 0.0007840798806058505 0.0008091053229564115
87 870 0.0014815087283937657 0 0 0.0007070055287986316 0.0008078938979187674 0.0006479278670295453 0.0007025459516196875 0.0006377651042197957 0.0006685281119344101 0.0008682518421915865 0.0007762339087334995 0.0006945177747772739 0.0007207987569481095
88 880 0.001453047040910878 0 0 0.0006902360852584949 0.0007864603103643307 0.0006318212736604189 0.0006726837695077204 0.0006253754463179773 0.0006510329988096065 0.0008225945887523355 0.0008078380415752774 0.0006785331912758132 0.0006891337019754947
89 890 0.0013569831699253678 0 0 0.0006289748833661351 0.0007368320441908288 0.0005891131294124643 0.0006243098960403998 0.0005715020529204451 0.0006285175953795592 0.0007180079057758354 0.0007513284511646514 0.000634519853815708 0.0006365322240909918
90 900 0.0012810944661746037 0 0 0.0005857194172502475 0.0007007986191081719 0.00055032149160548 0.0005888808724483991 0.0005380353743206697 0.0005878608291308519 0.0006529076851647057 0.0006663730563678776 0.0005999110627866971 0.0006000793302419621
91 910 0.001193097882135562 0 0 0.0005298210908413071 0.0006487361113164218 0.0005216115727957482 0.0005321599715080124 0.0004965293428420806 0.0005329160960509231 0.0006101310898386582 0.0006256173004612498 0.0005316678810856028 0.0005683964868762937
92 920 0.0010396804508873714 0 0 0.0004570068995261674 0.0005619091036857269 0.000449139773061773 0.00046096704811475334 0.00041513729979450145 0.00045621801342187384 0.0005208719769320802 0.0005415594915679686 0.0004642535012192483 0.0004931790666641493
93 930 0.0009423406515084 0 0 0.0004125166872511422 0.0005043703522599412 0.00040486612596350594 0.00042232265261690934 0.00036750759839557787 0.0004077298104416223 0.0004533084605380632 0.0004885932825009801 0.0004155561665915261 0.00043863129913000086
94 940 0.0009267941065874411 0 0 0.0004054569725279604 0.0004892690883705836 0.0003952658586751165 0.0004176878524907082 0.0003656597940726444 0.0004048134982738709 0.000442821257423383 0.0004740977684570058 0.0004056781221667151 0.0004256208815730155
95 950 0.000845349509107166 0 0 0.00036953454400277 0.000441725618588502 0.0003490509799391101 0.000375366220478413 0.0003275293644244611 0.0003738843143995022 0.00039839206444285125 0.0004260432410700306 0.00037456100703659476 0.00038119494447239836
96 960 0.000838849192442698 0 0 0.0003782344838383286 0.00044099134693298555 0.0003441298310706375 0.00036958589825970996 0.0003350980794973487 0.00036057925516210843 0.0003946159593297648 0.00041529847652947683 0.00037146164566663643 0.00037449250303808393
97 970 0.0008122455670312305 0 0 0.00036671514474063255 0.00041990815671216606 0.0003293121918548111 0.00034910243818059186 0.00032123606378134373 0.0003551341303808093 0.00038730230591076494 0.00039015564639388015 0.00035747635943127187 0.00035928351429549146
98 980 0.0007641288138483074 0 0 0.00034046321707962207 0.00038776028362251183 0.00030818287230587217 0.00033936666605947327 0.00030376552006099156 0.0003351502014827669 0.0003603035293104379 0.00036063156344650276 0.0003152936871543769 0.00032377086750460003
99 990 0.0007058569491623758 0 0 0.0003110900052912581 0.00035957678906765585 0.0002800720552633068 0.00031231070836012717 0.0002796868370627613 0.000306228406611124 0.0003319878246683523 0.00032431872549006996 0.00029061642169891873 0.000294680041481074
100 1000 0.0006470990996036038 0 0 0.00028155325116714034 0.00033371024217831015 0.0002508999780493821 0.0002847979684067756 0.000254145816529474 0.00028144482099388117 0.00031351167389029045 0.00028904663851562037 0.0002573180167084627 0.0002627611484407571
101 1010 0.0005998224159365435 0 0 0.00026033684473120963 0.0003108043928740671 0.00023144131489666274 0.00025965828223106395 0.00022039493715988166 0.00025961842062640174 0.00028272090903815007 0.00026659774379846936 0.00023660255372795434 0.0002439714133057739
102 1020 0.0005482131086324156 0 0 0.00023284400680696014 0.0002760384949943108 0.00020879501115430535 0.00023650109760231235 0.00019993907519160546 0.00023518547451603788 0.0002459252361905395 0.00024849959505762455 0.0002111545464499291 0.00022791017932953818
103 1030 0.0004996609133386078 0 0 0.00020921798251513868 0.0002440604935759369 0.00018603736869694196 0.00020892550356126216 0.00017788026800986828 0.00021055366776473727 0.00022474764962492356 0.00022782189025287984 0.00019329219828992226 0.00020627290286338566
104 1040 0.000481332224005504 0 0 0.00019473055009568008 0.00023281500474960125 0.00018168382210627298 0.00019903244328811753 0.0001706222608017887 0.00020470150643886578 0.00020889631277129592 0.0002216457137200941 0.0001885683236331879 0.00019774357639877656
105 1050 0.0004565755147151329 0 0 0.00017625583386835343 0.0002237222098206474 0.00017498232791786448 0.00018915925635993667 0.00016428681608580796 0.00019220992761840845 0.00019516540606478614 0.00020866536080401104 0.00017534903990703036 0.0001862939196946622
106 1060 0.0004564700122906973 0 0 0.00017600917461160512 0.00022059078767002987 0.00017425220938619175 0.00018670410412081036 0.000163736781898869 0.00018454399726052458 0.00019606183078246862 0.00021067220954955058 0.00017305238584858513 0.0001894276621107728
107 1070 0.00042643165350652766 0 0 0.00016227060721225124 0.0002018527523935659 0.00016315568342728826 0.00017014978531991118 0.00015113110230166905 0.00017288774691459646 0.00018094666742971008 0.000192884220586791 0.00015771391621700252 0.0001783837548466233
108 1080 0.0004263601816940279 0 0 0.0001621430885262194 0.00019368473718494922 0.00016465888980125504 0.0001676893600701789 0.00015145965693038975 0.00017658535152469799 0.00018017826995522259 0.00018993046821972595 0.00015949377632743569 0.00017723681446841523
109 1090 0.00038614208720943083 0 0 0.0001471579391198814 0.00017295852285929966 0.0001482760777841046 0.00015153056818456055 0.00013663550469626638 0.00015407417762661378 0.00015894151554087045 0.00016957677605103106 0.0001453260396091046 0.00016128524061168558
110 1100 0.00036124622018144276 0 0 0.00013565130245814344 0.00016023653000536752 0.0001363873921463804 0.00014087592980853057 0.0001290557542575425 0.0001392868563646991 0.00015023989344921385 0.00015844945543800183 0.00013664754258226646 0.00014910220774561566
111 1110 0.0003230292728424076 0 0 0.00012083460192702698 0.00014214534756360652 0.00012186809827160772 0.00012477567973254394 0.00011373834462105966 0.0001207254937734542 0.0001329450038085418 0.0001411432332560362 0.00011879410336998056 0.00013316235196699527
112 1120 0.00028065024753770774 0 0 0.00010554161254003977 0.00012095467088061508 0.00010450668067043566 0.0001061384574944943 9.687926225844699e-05 0.00010461874092774383 0.00011621495180182375 0.0001211789517727929 9.944123954499754e-05 0.00011522271450042813
113 1130 0.0002592520864742511 0 0 9.920162924839083e-05 0.00011436797115452721 9.795488875846785e-05 9.605021064585902e-05 8.806654632680707e-05 9.650923984267875e-05 0.00010632035272089211 0.00010953132317290595 8.978740455758062e-05 0.0001042955394699791
114 1140 0.00023997252570299077 0 0 9.155035236864669e-05 0.00010478881825619594 9.295718207738657e-05 8.870079786775555e-05 7.706526681736052e-05 8.898125286736399e-05 9.702836115644676e-05 9.985430236363459e-05 8.316737923995762e-05 9.395270212986515e-05
115 1150 0.00022438827602282567 0 0 8.645133408482123e-05 9.553210506516348e-05 8.78315672705333e-05 8.149728301330333e-05 6.995135005190709e-05 8.312609338272201e-05 8.918445199684814e-05 9.372324135515523e-05 7.801605307518234e-05 8.527692173885357e-05
116 1160 0.00021027153447935758 0 0 7.961340533054713e-05 8.898596491676298e-05 8.353906048819758e-05 7.649752937816893e-05 6.348400806932653e-05 7.54944361035455e-05 8.327827787550449e-05 8.656852070119631e-05 7.387581762420523e-05 7.998252781750744e-05
117 1170 0.00019591521785227147 0 0 7.304399003849906e-05 8.188636323150594e-05 7.729247242480051e-05 6.989694146714755e-05 5.9122043696948255e-05 6.971224832738062e-05 7.634477006928725e-05 8.06925403483289e-05 6.671976536702813e-05 7.575152394032304e-05
118 1180 0.0001781926186846221 0 0 6.472618573114057e-05 7.148935996877947e-05 7.003483984745348e-05 6.272493434316193e-05 5.390044287566884e-05 6.199987873519436e-05 6.924969055558776e-05 7.349748957155757e-05 6.0676232073595014e-05 6.862693233704833e-05
119 1190 0.00015994626595794258 0 0 5.7875193122814694e-05 6.205567051825722e-05 6.193872607992798e-05 5.426093618872498e-05 4.879426826228154e-05 5.5389893066077044e-05 6.159503622019802e-05 6.674664528941836e-05 5.289696190125692e-05 6.083435416277121e-05
120 1200 0.00016101361142800572 0 0 5.657830387932809e-05 6.394635496052542e-05 6.236251287615684e-05 5.390886050421872e-05 5.0211103873081486e-05 5.4722545179995924e-05 6.0054912847885285e-05 6.89937932794268e-05 5.2518118322122304e-05 6.042939030064176e-05
121 1210 0.00015818727660890815 0 0 5.53147937163708e-05 6.224891313506899e-05 5.986452108185609e-05 5.342692780337787e-05 4.8355498455850414e-05 5.327651623569095e-05 5.964016049651835e-05 6.795763739940143e-05 5.11144012514559e-05 5.911244904965535e-05
122 1220 0.0001522408019008022 0 0 5.4392659664076344e-05 5.8823369799696625e-05 5.7244566232851517e-05 5.199282384332707e-05 4.6556411415436833e-05 5.1317387337444274e-05 5.6537361321235055e-05 6.39901365908878e-05 4.8699374840091226e-05 5.600268920811966e-05
123 1230 0.0001479910283065639 0 0 5.247720749891599e-05 5.742317843558436e-05 5.5670998822430134e-05 5.030093228169357e-05 4.589125292184661e-05 4.957264491700728e-05 5.412206265662741e-05 6.112318781984387e-05 4.57959913223879e-05 5.3320865217404996e-05
124 1240 0.00013855276822493555 0 0 4.708979175149798e-05 5.3020865834531503e-05 5.217073330693535e-05 4.578629269176416e-05 4.215401985347044e-05 4.647441403947258e-05 5.1071601520431114e-05 5.626443678093965e-05 4.2452081037137564e-05 5.014062350613762e-05
125 1250 0.00014520573844581047 0 0 5.006133784231593e-05 5.5469366840953305e-05 5.2571989984288023e-05 4.800277361819277e-05 4.451110896009789e-05 4.760530866502989e-05 5.266186823355169e-05 6.0350413526994104e-05 4.523740468411252e-05 5.1426464499724016e-05
126 1260 0.00015324453600921067 0 0 5.357677474986738e-05 5.638558453851359e-05 5.4716076140469244e-05 5.02238880070181e-05 4.700419005599428e-05 5.095358994501158e-05 5.429161512930316e-05 6.510611681078074e-05 4.741641006742752e-05 5.315830147467814e-05
127 1270 0.00015636938489072246 0 0 5.327000020284152e-05 5.744773053939276e-05 5.522855377460351e-05 5.117290165180536e-05 4.9196940025879275e-05 5.3189910725221415e-05 5.4014307314200185e-05 6.594557463336116e-05 4.864774213066393e-05 5.382877616871043e-05
128 1280 0.00015224778973115468 0 0 5.2032595729814436e-05 5.600276528347533e-05 5.327042334302894e-05 5.010363880634058e-05 4.65248171860887e-05 5.158589590505399e-05 5.203416451587256e-05 6.198209253880148e-05 4.79748668953478e-05 5.163743551276762e-05
129 1290 0.00014039063099463334 0 0 4.786722555170933e-05 5.11093596135892e-05 4.868832414893893e-05 4.5992237057372345e-05 4.2548274063662464e-05 4.737390395019458e-05 4.554318678724649e-05 5.6822786363861335e-05 4.4126360929188064e-05 4.7194358175350804e-05
130 1300 0.0001262991203028662 0 0 4.082606569445764e-05 4.5929730655783584e-05 4.299076166410673e-05 4.148542689121641e-05 3.809810118570812e-05 4.244521349877554e-05 4.1079173036736074e-05 5.0590776327097024e-05 3.991337651214613e-05 4.2101621331696816e-05
131 1310 0.0001168387908347171 0 0 3.6506181144958814e-05 4.1614921963676355e-05 3.9816384745375465e-05 3.8643537354591625e-05 3.517795089330306e-05 3.908120308981345e-05 3.776504268255523e-05 4.543863677972933e-05 3.647057285714037e-05 3.8352247009742665e-05
132 1320 0.00010687792629782992 0 0 3.304818929058437e-05 3.854993882598573e-05 3.6204876757941294e-05 3.51423059602494e-05 3.235167120985456e-05 3.478814946584542e-05 3.431205376796335e-05 4.0818754768504194e-05 3.330777570290882e-05 3.462415405046391e-05
133 1330 9.53317432549445e-05 0 0 2.9222472579560417e-05 3.3447278901723656e-05 3.2336049021561065e-05 3.135875362673289e-05 2.857790848542227e-05 3.0140867844261182e-05 2.977068961837036e-05 3.637194170921682e-05 2.9634622512067865e-05 3.0473011190331225e-05
134 1340 8.300633905099801e-05 0 0 2.47953935101609e-05 2.8489241253395724e-05 2.8455237460579118e-05 2.7185480764186716e-05 2.4908455604170235e-05 2.541376541842667e-05 2.549951185554766e-05 3.140473254199225e-05 2.591515099390909e-05 2.629740285652619e-05
135 1350 7.863415748164127e-05 0 0 2.383395773267877e-05 2.6539934589763626e-05 2.6959049846068666e-05 2.5595705127092588e-05 2.34240753807958e-05 2.4211250530427593e-05 2.4017529262501773e-05 2.933754558061532e-05 2.424168047647284e-05 2.4857058377997626e-05
136 1360 7.399386682208456e-05 0 0 2.2256317505286973e-05 2.4981621696661874e-05 2.530696122088863e-05 2.3755096715059273e-05 2.187094014094488e-05 2.1613530819074678e-05 2.2772944638895858e-05 2.718232745979398e-05 2.3150903363921506e-05 2.2656397729902782e-05
137 1370 6.975611701367955e-05 0 0 2.079203786399726e-05 2.3324173958386957e-05 2.346245420829884e-05 2.1998837781274105e-05 2.0637099728507867e-05 2.040739241353243e-05 2.0887602228928274e-05 2.571327406098964e-05 2.154668972079905e-05 2.114784967809997e-05
138 1380 6.65836968618524e-05 0 0 1.944498340011468e-05 2.175248119632362e-05 2.198698016193639e-05 2.129333811261478e-05 1.976321587079317e-05 1.952527902654913e-05 1.981243203471573e-05 2.4329476334288e-05 2.0508700520617013e-05 1.968784584938023e-05
139 1390 5.879907066760702e-05 0 0 1.7017074843021347e-05 1.9119419387671158e-05 1.953208150332669e-05 1.839500209669563e-05 1.7166368463716388e-05 1.692053244016133e-05 1.7317070195133272e-05 2.129999605073634e-05 1.7870330659072958e-05 1.7396700175031816e-05
140 1400 5.4219795240048045e-05 0 0 1.576549940042984e-05 1.6870743733270356e-05 1.8059427567932673e-05 1.6788909592637717e-05 1.544490119964764e-05 1.5675672968614738e-05 1.5464594927128845e-05 1.9715253179980026e-05 1.664409163027476e-05 1.5877047946858734e-05
141 1410 5.086501271725823e-05 0 0 1.4698559543329131e-05 1.590093149967974e-05 1.651158558769169e-05 1.4994821295457037e-05 1.4250265544166634e-05 1.448762477661523e-05 1.4387749530624003e-05 1.832668463192077e-05 1.6382441418082964e-05 1.4940619821029425e-05
142 1420 4.9074369575667526e-05 0 0 1.3961935053205004e-05 1.512623219226022e-05 1.576732671138892e-05 1.4109247554929872e-05 1.3753675811028806e-05 1.39009917901274e-05 1.387790509666188e-05 1.69317098373508e-05 1.6342399172292358e-05 1.3999235350857905e-05
143 1430 4.628860641980162e-05 0 0 1.3207912415623984e-05 1.411758731179917e-05 1.471040733918248e-05 1.319332102023342e-05 1.2662156724686587e-05 1.302413301219853e-05 1.2989949886503668e-05 1.566250347451309e-05 1.5262404968131688e-05 1.3230394784824254e-05
144 1440 4.604948789690889e-05 0 0 1.333163497968323e-05 1.3993945076365856e-05 1.4040049735488849e-05 1.3228714827990431e-05 1.274920992882737e-05 1.3268619395932718e-05 1.2844014768753175e-05 1.5656015567955823e-05 1.5235405482773935e-05 1.2910346430561465e-05
145 1450 4.6638868365326175e-05 0 0 1.353984203971545e-05 1.4124186044408495e-05 1.4392152388819513e-05 1.3830659326368971e-05 1.2972369543429327e-05 1.3420387078577592e-05 1.2951727512123964e-05 1.613609783754421e-05 1.4340250715800504e-05 1.3434106906819911e-05
146 1460 4.45723783962531e-05 0 0 1.2942854444275471e-05 1.363620878131705e-05 1.3290458168488202e-05 1.3145599548562246e-05 1.2302669902084084e-05 1.2827935969168866e-05 1.2204100272278677e-05 1.5432973563717837e-05 1.3700087600908243e-05 1.2542133305417463e-05
147 1470 4.419522341515722e-05 0 0 1.2568203431683763e-05 1.3297663845140739e-05 1.3316763865363651e-05 1.284158461623216e-05 1.2272865065487268e-05 1.2407122603753284e-05 1.2369574141397614e-05 1.4680425024180677e-05 1.353322232832015e-05 1.2560885618292946e-05
148 1480 4.0867836642646323e-05 0 0 1.1308590148233772e-05 1.1944337116214484e-05 1.211941226876401e-05 1.183748284875292e-05 1.1309223431429535e-05 1.153641841714419e-05 1.1357118427714897e-05 1.3436466396971443e-05 1.2455148437241524e-05 1.1311198054520222e-05
149 1490 3.8749806448965805e-05 0 0 1.0440515442000903e-05 1.1207651273344251e-05 1.124604517847216e-05 1.0882732428510112e-05 1.0583119055412644e-05 1.0958200503542032e-05 1.0778060695792294e-05 1.2506489903355207e-05 1.1633838361608644e-05 1.0949985871336742e-05
150 1500 3.681765326552578e-05 0 0 9.940418793662661e-06 1.0630805547331659e-05 1.1059208355856974e-05 1.009639313027711e-05 1.0015099675818234e-05 1.0191277774213026e-05 1.0010182275941234e-05 1.1766497270413014e-05 1.085185184279264e-05 1.0504109184239828e-05
151 1510 3.359489809022323e-05 0 0 8.886695222458864e-06 9.557267506522896e-06 1.0111920509088433e-05 9.064049369842058e-06 9.028281170477823e-06 9.470367036340154e-06 9.122118164374893e-06 1.0735927632776074e-05 9.74447015638652e-06 9.39182828201527e-06
152 1520 3.132658014910072e-05 0 0 8.229847981419756e-06 8.876043939322988e-06 9.062202821943143e-06 8.512265359684935e-06 8.385145260636424e-06 8.850101124109659e-06 8.420495950638864e-06 9.776739161854836e-06 8.952334490766646e-06 8.670296594862743e-06
153 1530 2.8532191855451923e-05 0 0 7.454325861675455e-06 8.043866292664737e-06 8.206292576616743e-06 7.70189421773101e-06 7.4690754127800635e-06 8.024644750508211e-06 7.584172020849647e-06 8.597233591360238e-06 7.84947995358203e-06 7.883178372477806e-06
154 1540 2.569374208810076e-05 0 0 6.601485389109925e-06 7.337114470537269e-06 7.361244753381248e-06 6.693035003094193e-06 6.790281205928175e-06 7.087235852327636e-06 6.697929153968293e-06 7.614835376832429e-06 7.02327738407231e-06 7.019308151592397e-06
155 1550 2.404604244851702e-05 0 0 6.099926015594443e-06 6.829885942868547e-06 6.710331390556957e-06 6.142058298663491e-06 6.404461983703324e-06 6.704684063821511e-06 6.251222747740598e-06 7.142895349198697e-06 6.4708570877302805e-06 6.458060370571317e-06
156 1560 2.1134670342665672e-05 0 0 5.318472456865173e-06 5.890735028427265e-06 5.830271330518579e-06 5.292217568411947e-06 5.625107395217383e-06 5.901135336539676e-06 5.533236707790242e-06 6.205024411454633e-06 5.675121362616622e-06 5.219268897913742e-06
157 1570 1.8694197345344694e-05 0 0 4.54775115881368e-06 5.1766871116437445e-06 5.0953973741363574e-06 4.609302086482299e-06 4.935201767539217e-06 5.185917988856473e-06 4.872153075080059e-06 5.45485390535816e-06 5.094029333824696e-06 4.563280471440518e-06
158 1580 1.6152135193251332e-05 0 0 3.84078092327333e-06 4.458496403633378e-06 4.3288385703021255e-06 3.88522184829992e-06 4.2007028442362265e-06 4.432724913972011e-06 4.243955636231449e-06 4.474436337646472e-06 4.406277991014492e-06 3.8500464477794965e-06
159 1590 1.4306016347291212e-05 0 0 3.4099167798538636e-06 3.905457388217965e-06 3.8009909922721797e-06 3.3826779879950796e-06 3.7273982903981025e-06 3.900189003908771e-06 3.7040092146250906e-06 3.957858295115476e-06 3.845944832151182e-06 3.312460187853043e-06
160 1600 1.3354968719735362e-05 0 0 3.1035269736897274e-06 3.5740029960295016e-06 3.453685265240405e-06 3.1674248484172263e-06 3.4831223611882284e-06 3.6232870298067798e-06 3.4429111318155245e-06 3.6295109576543414e-06 3.5624072788933524e-06 3.0929123074134532e-06
161 1610 1.277648801472451e-05 0 0 2.905271618574894e-06 3.265698740034275e-06 3.2620375858313333e-06 2.9714731214472737e-06 3.3583661009688237e-06 3.2474871821266646e-06 3.423609572967315e-06 3.476865199780044e-06 3.3914791731386836e-06 2.984065794361241e-06
162 1620 1.258565032068563e-05 0 0 2.7318327653362403e-06 3.225699668240709e-06 3.229352055118464e-06 2.927503652754869e-06 3.3164390161574213e-06 3.188351996241986e-06 3.2892038664612307e-06 3.4433818317666116e-06 3.2920742554362238e-06 2.8932420976697593e-06
163 1630 1.2257084785339222e-05 0 0 2.6617167068079903e-06 3.145775731574109e-06 3.061199546017142e-06 2.8249112962460747e-06 3.2722125106525856e-06 3.0453074178886206e-06 3.1012079535895913e-06 3.217725104155568e-06 3.15529012401287e-06 2.9148317624092527e-06
164 1640 1.1573299868102875e-05 0 0 2.540524488058492e-06 2.8232498826875665e-06 2.8372363067087374e-06 2.6768274896574496e-06 3.075487975870198e-06 2.814478757903707e-06 2.9134631619900352e-06 3.0297004317619417e-06 3.0001910967935928e-06 2.7804806983940854e-06
165 1650 1.085501776962304e-05 0 0 2.3834263756439365e-06 2.6407758414249527e-06 2.65695524341939e-06 2.4629587760602384e-06 2.8468590707487227e-06 2.6377021015784033e-06 2.7177791085668964e-06 2.8177196728241685e-06 2.7425724927954524e-06 2.5734252811249093e-06
166 1660 1.000699877217513e-05 0 0 2.1948424507515797e-06 2.474525072382602e-06 2.4567751203322418e-06 2.274599249668958e-06 2.556466368511364e-06 2.4364909815905e-06 2.507107567168729e-06 2.575172700942839e-06 2.433865398244319e-06 2.3418060441757166e-06
167 1670 9.130727053234467e-06 0 0 1.9884048315050978e-06 2.2570076272968744e-06 2.2473593668345744e-06 2.0634178669397647e-06 2.2512875345305503e-06 2.2081386915769878e-06 2.2422551649826002e-06 2.3669252801355477e-06 2.1380199367018634e-06 2.1373020215703745e-06
168 1680 8.078250618143386e-06 0 0 1.746067398294433e-06 1.97896077102283e-06 1.9566138006591654e-06 1.7644318419561327e-06 1.976219558506431e-06 1.902158290025934e-06 1.98982161367491e-06 2.0823501273667824e-06 1.885929193090443e-06 1.8641182862506192e-06
169 1690 7.3710065426241545e-06 0 0 1.563149199795545e-06 1.6965819895301551e-06 1.7869997723783989e-06 1.5910308015385856e-06 1.7664875275628262e-06 1.74120774484435e-06 1.7668672433087777e-06 1.9282743008727584e-06 1.6877699934778886e-06 1.699133242059482e-06
170 1700 6.778924587657908e-06 0 0 1.4480224467863863e-06 1.558598853859796e-06 1.6273671460390507e-06 1.4332152814770337e-06 1.6261337908668179e-06 1.611867555513194e-06 1.6103805484030012e-06 1.7563910354355613e-06 1.5405825636641662e-06 1.5249477246503154e-06
171 1710 6.239957882017263e-06 0 0 1.3448632369903167e-06 1.4074096104055445e-06 1.4664919582473382e-06 1.302162416329851e-06 1.4924253451228454e-06 1.4421401042754023e-06 1.4749237757802177e-06 1.5851787804416891e-06 1.4303170115424813e-06 1.3907696493927751e-06
172 1720 5.893668233477895e-06 0 0 1.244701847748932e-06 1.3179668599038768e-06 1.3779006229706478e-06 1.2147352925602224e-06 1.4043645031360406e-06 1.3528330944488141e-06 1.3711681509977442e-06 1.5159170942925973e-06 1.3649206535157333e-06 1.3001209007890646e-06
173 1730 5.6339003722330785e-06 0 0 1.1781293713919532e-06 1.2629735722418477e-06 1.307473079691519e-06 1.1564963604379264e-06 1.3537146005883176e-06 1.2918139335807394e-06 1.3079520407605635e-06 1.3565391381776937e-06 1.309319345608773e-06 1.2373146306521914e-06
174 1740 5.330453007623727e-06 0 0 1.0879457233224916e-06 1.1903748875468046e-06 1.2079063858877846e-06 1.092173471899759e-06 1.2728803519194497e-06 1.2073488278660957e-06 1.2221792922446288e-06 1.2595101031147584e-06 1.2354249234401308e-06 1.1901546731735114e-06
175 1750 4.868553268725539e-06 0 0 9.878812086919932e-07 1.061821589645402e-06 1.1064569713892728e-06 9.84945900869228e-07 1.160862480159041e-06 1.0870078245098617e-06 1.106806570311098e-06 1.1436645488151738e-06 1.0963904404482162e-06 1.0452446824131236e-06
176 1760 4.40342831336513e-06 0 0 8.99139274240093e-07 9.526699697766829e-07 9.647314137943263e-07 8.869040960994931e-07 1.033939649988468e-06 9.900684598665123e-07 9.68830375012326e-07 1.0034547971445977e-06 9.867364380807922e-07 9.454326379067989e-07
177 1770 3.973815270447705e-06 0 0 8.032753878755253e-07 8.57412376103248e-07 8.630359972464238e-07 7.937601630128079e-07 9.375738952229728e-07 8.89558902663301e-07 8.718047131382589e-07 8.858972889208742e-07 8.394101379091737e-07 8.573759565800118e-07
178 1780 3.614802049398133e-06 0 0 7.298043776693428e-07 7.787442039271723e-07 7.718911989410018e-07 7.113475633301585e-07 8.378562683526534e-07 7.940644623836521e-07 7.918411451311592e-07 7.827777002643623e-07 7.435744877229313e-07 7.890763472552672e-07
179 1790 3.323727968024717e-06 0 0 6.545809229124875e-07 7.024032601389165e-07 7.222770188990878e-07 6.443725424518641e-07 7.593977629302301e-07 7.016979029741836e-07 7.228771628844665e-07 7.151604481969566e-07 6.7976692971297e-07 7.27088090259912e-07
180 1800 2.9943488491118998e-06 0 0 5.790805159189904e-07 6.364477312549133e-07 6.364030153762492e-07 5.833573586687163e-07 6.715446883762528e-07 6.215152562537308e-07 6.490540245108017e-07 6.27435991923892e-07 6.105644227076239e-07 6.549452283857308e-07
181 1810 2.5725170628340558e-06 0 0 4.882991653767652e-07 5.400387835664794e-07 5.406460139774177e-07 4.954472928542807e-07 5.532251216716373e-07 5.362295701743837e-07 5.558063318689562e-07 5.337650717824523e-07 5.201779080065119e-07 5.655349827766945e-07
182 1820 2.434134779443906e-06 0 0 4.5890781487313504e-07 5.13021997313929e-07 5.057393629007507e-07 4.6369653965257737e-07 5.165290508156851e-07 5.02426976134752e-07 5.284196268361224e-07 5.016858782070225e-07 4.956431471671184e-07 5.256473679989223e-07
183 1830 2.2372401571059027e-06 0 0 4.1655653756899497e-07 4.684689552492604e-07 4.597827263337448e-07 4.2784579248759705e-07 4.734983669289961e-07 4.383793698558254e-07 4.856388040689806e-07 4.65604199143215e-07 4.545328076337042e-07 4.905488217417806e-07
184 1840 2.0648273642129757e-06 0 0 3.8893503320225026e-07 4.19070405685725e-07 4.18976816913479e-07 3.9751288219515575e-07 4.244516433934686e-07 4.036555187338346e-07 4.442017269140109e-07 4.2353963286410583e-07 4.0850931715512874e-07 4.4924239202203187e-07
185 1850 1.9324441183513646e-06 0 0 3.589592787430268e-07 3.9725662818788535e-07 3.856706273496692e-07 3.5969253633895723e-07 3.948883139736539e-07 3.8238018686467897e-07 4.171163576927874e-07 3.926568659911548e-07 3.700472492981501e-07 4.1947252738922513e-07
186 1860 1.7135305944514345e-06 0 0 3.151617723239404e-07 3.5046095453307706e-07 3.3285074734582267e-07 3.156427827363791e-07 3.42806537800683e-07 3.3745757801009855e-07 3.663984977377533e-07 3.462066831407529e-07 3.17070383473395e-07 3.6809299831389313e-07
187 1870 1.6149655838812662e-06 0 0 2.9313098102465087e-07 3.266572011242137e-07 3.09908738960048e-07 2.9386029465936297e-07 3.1946630577446343e-07 3.1362264405894654e-07 3.630323996443475e-07 3.235877128658712e-07 2.970671307483131e-07 3.395191114554649e-07
188 1880 1.47388506337713e-06 0 0 2.644271747610943e-07 2.887295021961987e-07 2.844709525537432e-07 2.689891226951146e-07 2.8808079337153437e-07 2.8926694707037836e-07 3.276714521722377e-07 2.954372945887455e-07 2.6969884299552986e-07 2.9853392386187186e-07
189 1890 1.4072157938851211e-06 0 0 2.55692023441046e-07 2.7610069059068484e-07 2.663977122628444e-07 2.5666662598574774e-07 2.7784936786547073e-07 2.731702590826179e-07 3.114328751313466e-07 2.7301838680150033e-07 2.553287748515317e-07 2.8192401554240414e-07
190 1900 1.416564183812186e-06 0 0 2.5639959644380943e-07 2.70038860437904e-07 2.636909116154064e-07 2.513756523124424e-07 2.847771848072315e-07 2.735091951328577e-07 3.1774825679190785e-07 2.700781003212787e-07 2.6396825645306006e-07 2.844071906394695e-07
191 1910 1.3474640654947098e-06 0 0 2.449898363676351e-07 2.5344695964422506e-07 2.506804529943904e-07 2.350895976726812e-07 2.656123737893588e-07 2.6132281016768e-07 2.993982705297251e-07 2.519748939644518e-07 2.4755163957230817e-07 2.6633068639745134e-07
192 1920 1.2053914105015893e-06 0 0 2.1983889408506318e-07 2.2193389931776384e-07 2.1956892753221486e-07 2.102241779546364e-07 2.386630436130608e-07 2.3551569419636805e-07 2.499288383498745e-07 2.2801325924447055e-07 2.2119099164953846e-07 2.3470062889084237e-07
193 1930 1.062131676651003e-06 0 0 1.9053941138746836e-07 1.905535159963843e-07 1.9403760633309235e-07 1.8620101364416968e-07 2.0624745668152016e-07 2.024797867625955e-07 2.1734602806704556e-07 1.987591480052646e-07 1.9405114425305587e-07 2.0403001868800364e-07
194 1940 9.675123475324733e-07 0 0 1.7052836857116238e-07 1.733124901689538e-07 1.7357058828429605e-07 1.675168655460376e-07 1.8790515736455573e-07 1.8348849141882512e-07 1.964543983865976e-07 1.749138989209609e-07 1.798272344456593e-07 1.8627040163802353e-07
195 1950 9.507053886886193e-07 0 0 1.6899008930071923e-07 1.6909280204623785e-07 1.7695259655206563e-07 1.6390862930674646e-07 1.828113050632799e-07 1.785828029398643e-07 1.9176516951555505e-07 1.7174438467069304e-07 1.760488604233628e-07 1.795476763327753e-07
196 1960 8.841519289166624e-07 0 0 1.5524757263621325e-07 1.569141312559502e-07 1.6505569566813583e-07 1.495634296229976e-07 1.7000570177133247e-07 1.6533750914810582e-07 1.7366152938413965e-07 1.5636611634796953e-07 1.6309736978844716e-07 1.6818195330640388e-07
197 1970 8.407406945244934e-07 0 0 1.4943222561797372e-07 1.460552141093533e-07 1.5175357835451429e-07 1.410665046936155e-07 1.6356197499413854e-07 1.5457138432210586e-07 1.5993725699131991e-07 1.5027325189274398e-07 1.5272398663136045e-07 1.5942441479505832e-07
198 1980 8.093336502225715e-07 0 0 1.4289152708824385e-07 1.386765463252621e-07 1.437742292658434e-07 1.321930969865648e-07 1.5441909579116281e-07 1.491188362005527e-07 1.5297177272783463e-07 1.4345332229972916e-07 1.4489659967290622e-07 1.512451354886578e-07
199 1990 7.786337813647276e-07 0 0 1.3787426719873002e-07 1.3275596431773384e-07 1.3880111409233074e-07 1.259322387430822e-07 1.4870732652225082e-07 1.398516904810941e-07 1.3989754565102327e-07 1.3589945723907127e-07 1.380817073249075e-07 1.456988097302413e-07
200 2000 7.62882580970161e-07 0 0 1.359421156949205e-07 1.292253993572662e-07 1.3327495081543987e-07 1.2694966418131096e-07 1.43749675749839e-07 1.3671717453546698e-07 1.3714563209324995e-07 1.270180519297134e-07 1.322761270972335e-07 1.4138931663885126e-07
201 2010 7.191920253027151e-07 0 0 1.285547783237925e-07 1.1784146589340775e-07 1.2749859862802926e-07 1.2035357972783238e-07 1.3180172697988121e-07 1.2734966876121842e-07 1.2885256530782726e-07 1.2191189517398938e-07 1.2145391072426655e-07 1.3228467867022567e-07
202 2020 7.149639610919072e-07 0 0 1.2775244401812292e-07 1.1613708149038624e-07 1.260431268544583e-07 1.194302267957291e-07 1.2957491015717552e-07 1.242177710584892e-07 1.2802059126723154e-07 1.2143749693531567e-07 1.1746766651724572e-07 1.3116392137568249e-07
203 2030 6.241219424172704e-07 0 0 1.0996954604110415e-07 1.0086923121883543e-07 1.0832797827484447e-07 1.0493859033970412e-07 1.1270589078448997e-07 1.0914326183132108e-07 1.0797153813568381e-07 1.0431442477535254e-07 1.0320864753049104e-07 1.1433966225577806e-07
204 2040 5.906198549288435e-07 0 0 1.0422578628133108e-07 9.496385242168309e-08 1.0539639741633632e-07 9.771505916550657e-08 1.0558724622318054e-07 1.0209761956719564e-07 1.0001897410895864e-07 9.832282045123888e-08 9.544538372696955e-08 1.0644066518268107e-07
205 2050 5.082154958759596e-07 0 0 8.920644049163312e-08 8.169489042915229e-08 9.102255905173277e-08 8.089912674166656e-08 9.041275743628176e-08 8.609398543301441e-08 8.444612547800325e-08 8.115029561839936e-08 8.136229513360629e-08 9.177418882130038e-08
206 2060 5.057013460497214e-07 0 0 8.917186015988874e-08 8.128549308365236e-08 8.94860461774091e-08 7.913193308087554e-08 9.054000317934287e-08 8.61286035396037e-08 8.27134435010972e-08 8.213929962622764e-08 8.028311433242261e-08 9.335576966835058e-08
207 2070 5.160309951506821e-07 0 0 9.043631109497302e-08 8.071280768051296e-08 9.110614654410136e-08 7.999016621907013e-08 9.179757318106368e-08 8.597587614129906e-08 8.808337309484087e-08 8.427537543306076e-08 8.13392881513284e-08 9.224161955122811e-08
208 2080 4.902607611519033e-07 0 0 8.387533889109e-08 7.480629813604547e-08 8.480257889020156e-08 7.482686019183318e-08 8.69931866104537e-08 8.036306895383181e-08 8.441372247044598e-08 8.180896602429559e-08 7.994261537202953e-08 8.562207574916678e-08
209 2090 4.538369615838307e-07 0 0 7.622149394668426e-08 6.990912613295216e-08 7.737194649133634e-08 6.83112073608971e-08 7.946339752279777e-08 7.545304334809974e-08 7.698408810281767e-08 7.374982284928012e-08 7.295892686206074e-08 7.648631456798896e-08
210 2100 4.038497426528293e-07 0 0 6.782742219380358e-08 6.207811843582851e-08 6.681512488597447e-08 6.092749971665027e-08 6.987520691092411e-08 6.582314643167354e-08 6.609492445975286e-08 6.569464940937093e-08 6.373906402754871e-08 6.720253295243794e-08
211 2110 3.500240877560981e-07 0 0 5.86712589728473e-08 5.35812944466756e-08 5.663818647271645e-08 5.2521201900708934e-08 6.0331609175431e-08 5.4873052444041294e-08 5.725246597558965e-08 5.557759089056559e-08 5.52118727581963e-08 5.649583343487051e-08
212 2120 3.26928653869128e-07 0 0 5.349696374630893e-08 4.9536062686109546e-08 5.301811538771158e-08 4.9499101361191566e-08 5.5614755857326e-08 5.113160546333115e-08 5.3472629921950645e-08 5.0328885285977646e-08 5.124038906218044e-08 5.157979910746507e-08
213 2130 3.0811333588285625e-07 0 0 5.045397105162706e-08 4.6191466971279104e-08 4.944468110161979e-08 4.5522371925055016e-08 5.231401078303743e-08 4.846760243982318e-08 4.9879585392778115e-08 4.6544098209180174e-08 4.858364531540163e-08 4.785353270465906e-08
214 2140 2.9269332526244416e-07 0 0 4.8275454934253405e-08 4.391950681951363e-08 4.6900898091386495e-08 4.298123402426771e-08 4.912681957483989e-08 4.490895800330068e-08 4.809826289831939e-08 4.266259945204918e-08 4.6486925774120176e-08 4.633507166340487e-08
215 2150 2.5802790443577437e-07 0 0 4.2113113879441726e-08 3.803362921913309e-08 4.102563072052203e-08 3.7246565597311765e-08 4.322686292434948e-08 3.9076712218064424e-08 4.275038292428359e-08 3.747992903375422e-08 3.991071529930074e-08 4.040033151900856e-08
216 2160 2.433257465062985e-07 0 0 3.93702398703143e-08 3.510254548895169e-08 3.8150579728781844e-08 3.5297801640027884e-08 4.070197017620706e-08 3.635780835227958e-08 3.870571172842421e-08 3.559788762833149e-08 3.768181138178684e-08 3.7822579498626156e-08
217 2170 2.3583009769366942e-07 0 0 3.6915648433811807e-08 3.442436833254487e-08 3.7229038412751295e-08 3.364760514929717e-08 3.858060895231585e-08 3.463109834685451e-08 3.81759223654405e-08 3.486840157846541e-08 3.6324849864490446e-08 3.6428925967229425e-08
218 2180 2.0878461860292477e-07 0 0 3.2036617896900594e-08 3.04766011126888e-08 3.283980335395454e-08 2.8941825517028113e-08 3.342281400659952e-08 3.031791248862152e-08 3.344689148209404e-08 3.099989454989044e-08 3.221366261133438e-08 3.194038915193086e-08
219 2190 1.9340646629016705e-07 0 0 2.9647020142382368e-08 2.8030760535134512e-08 3.059681666206269e-08 2.7015102651541197e-08 2.9882992562584065e-08 2.7229257326933013e-08 3.088873092381191e-08 2.8233013357637248e-08 2.985297558860753e-08 2.983128213893279e-08
220 2200 1.8012304468056948e-07 0 0 2.732623886792354e-08 2.5359254151673188e-08 2.9327567501850352e-08 2.47879323803693e-08 2.7589325861204034e-08 2.4901459571162237e-08 2.8193419456149534e-08 2.5837017365902282e-08 2.734168056806868e-08 2.774710455772582e-08
221 2210 1.6413001551309418e-07 0 0 2.3722259241934363e-08 2.3177668034111106e-08 2.641005893402516e-08 2.245951324953377e-08 2.487133992385935e-08 2.260798129678328e-08 2.5598661623607696e-08 2.34671013139782e-08 2.465847500566101e-08 2.533415053189749e-08
222 2220 1.5902483500443347e-07 0 0 2.3147010570355914e-08 2.1982684370032273e-08 2.592869946751281e-08 2.179649044441512e-08 2.4668679875129015e-08 2.1220750026660238e-08 2.428004432559157e-08 2.2362411399865088e-08 2.4062187355354032e-08 2.3924919617554733e-08
223 2230 1.522234329189231e-07 0 0 2.1993031289911367e-08 2.12660931295342e-08 2.4553760771894417e-08 2.080870354137081e-08 2.3868165631021674e-08 1.9618842527174828e-08 2.2995743390009455e-08 2.0587549389097307e-08 2.2608335956657993e-08 2.3084928435907366e-08
224 2240 1.4161132194608086e-07 0 0 2.0375591120054455e-08 1.8954062442580067e-08 2.266556171328399e-08 1.9500402626874676e-08 2.2160327371155163e-08 1.8059667870281372e-08 2.118727386273056e-08 1.8592265322043548e-08 2.0979726043313985e-08 2.1280148222454146e-08
225 2250 1.334458947323079e-07 0 0 1.9689246596016534e-08 1.770763887769821e-08 2.1660456436720404e-08 1.8576679157053843e-08 2.0558996302474226e-08 1.6896315483156873e-08 1.9271152335927083e-08 1.7472397552003934e-08 1.924552842750037e-08 1.973485688476884e-08
226 2260 1.2955752608839313e-07 0 0 1.8913013533089006e-08 1.7597807860936313e-08 2.1125540102770483e-08 1.7847341484124375e-08 1.9788709799629935e-08 1.650313584668712e-08 1.8312894595870906e-08 1.661885188026401e-08 1.8883803161039614e-08 1.911817675739361e-08
227 2270 1.205113646394939e-07 0 0 1.658112028247182e-08 1.637295741113681e-08 1.9708884379626678e-08 1.648523659827828e-08 1.8233353650932652e-08 1.4732477064999445e-08 1.703897890547597e-08 1.517117251211647e-08 1.7578424540418372e-08 1.774799754578231e-08
228 2280 1.2403776324078074e-07 0 0 1.6776940271950125e-08 1.671211849608626e-08 2.044974312501947e-08 1.7761806214531547e-08 1.8475059269558207e-08 1.5158587575168903e-08 1.7353977214659375e-08 1.528164169727718e-08 1.812798059400182e-08 1.8109070963349364e-08
229 2290 1.197217856907175e-07 0 0 1.610509699056377e-08 1.6310295286510072e-08 1.9687879760272344e-08 1.7016390983193633e-08 1.7106389034464016e-08 1.418785539398153e-08 1.6910391423397237e-08 1.4777475563803796e-08 1.6948317633899684e-08 1.765182081740087e-08
230 2300 1.0807044353541925e-07 0 0 1.4487251052536441e-08 1.4547999439574695e-08 1.8008615280894686e-08 1.495374513689344e-08 1.5294365958011315e-08 1.2867375107268797e-08 1.5065453637018455e-08 1.2866159720838343e-08 1.5176383202172156e-08 1.558685057530717e-08
231 2310 1.0016416631421194e-07 0 0 1.3051594790732798e-08 1.3638622970319235e-08 1.6309554861545462e-08 1.3422459908712477e-08 1.4137688657981806e-08 1.2012170873899223e-08 1.3931105929557837e-08 1.1885643776961002e-08 1.4094672937855916e-08 1.4390057760450766e-08
232 2320 9.689968824142657e-08 0 0 1.2581846813016945e-08 1.2768192436638216e-08 1.57384853939314e-08 1.2770046575858527e-08 1.3677006193123774e-08 1.1415694245675173e-08 1.3507966284363598e-08 1.1233417045657476e-08 1.3521162443358988e-08 1.4301963026904964e-08
233 2330 9.654107958815842e-08 0 0 1.2364202717692967e-08 1.2680896022185453e-08 1.549250715983565e-08 1.2796933702353718e-08 1.3709780969085451e-08 1.1306178010282031e-08 1.3291357668990537e-08 1.1572175145553687e-08 1.3413152494280739e-08 1.4065167273518288e-08
234 2340 8.471728343184745e-08 0 0 1.0876785700636123e-08 1.0913160216735844e-08 1.3397805476548968e-08 1.0822848624397606e-08 1.2174788424489827e-08 9.809655322226365e-09 1.1427648336552203e-08 1.0009964350442819e-08 1.1632987280424562e-08 1.2251251037249434e-08
235 2350 7.806395945248999e-08 0 0 9.799772748612457e-09 1.005938908933956e-08 1.233829556744669e-08 9.870693216648612e-09 1.0944776180575597e-08 8.934449137885894e-09 1.033291895930884e-08 9.134744256224823e-09 1.0788183057939845e-08 1.1317922862871308e-08
236 2360 7.247228836276698e-08 0 0 8.795101722329249e-09 9.104156627839882e-09 1.1297200899104466e-08 8.965784765074347e-09 1.0276508641228545e-08 8.432438979778776e-09 9.648398369000175e-09 8.504735577129425e-09 1.0066630092969224e-08 1.0462148340524978e-08
237 2370 6.34662710490441e-08 0 0 7.584608535042768e-09 8.020169247578723e-09 9.87439696942441e-09 7.738970526417334e-09 8.667081269979402e-09 7.273256889800094e-09 8.058023934111654e-09 7.411554478225484e-09 8.772169678540773e-09 9.154889713697518e-09
238 2380 5.552966291290179e-08 0 0 6.610778309532208e-09 6.969266228082659e-09 8.465995901751174e-09 6.701854746782093e-09 7.385527954279082e-09 6.217600980040759e-09 6.991834823663804e-09 6.2720765325650744e-09 7.603917121782235e-09 8.069282515831286e-09
239 2390 4.9486065475612654e-08 0 0 5.8440547687214996e-09 6.022625970817848e-09 7.412926532814936e-09 5.924654248082366e-09 6.4682074297785595e-09 5.514269227059307e-09 6.2020726124621566e-09 5.5421074127599405e-09 6.655344412800579e-09 7.1242232944755625e-09
240 2400 4.554936576450082e-08 0 0 5.345484080179788e-09 5.380255568662774e-09 6.725559425605529e-09 5.372936854448831e-09 5.8451466828538214e-09 5.0939023117145305e-09 5.746574797558211e-09 5.0093488862328475e-09 6.101431505395329e-09 6.558143788256249e-09
241 2410 4.03287282642663e-08 0 0 4.709648215194357e-09 4.808418357734356e-09 5.9063545423258895e-09 4.6809831419952536e-09 4.960864863619265e-09 4.49616639752988e-09 4.994580881182116e-09 4.255998531969461e-09 5.346653014545054e-09 5.803886213788332e-09
242 2420 3.907921631732492e-08 0 0 4.545175420876953e-09 4.6691576707072955e-09 5.65945383178695e-09 4.463813849691438e-09 4.889899730276184e-09 4.423935821263778e-09 4.9989504203937555e-09 4.119223276042471e-09 5.196081441166517e-09 5.561154206648334e-09
243 2430 3.768789100822882e-08 0 0 4.257296731723987e-09 4.5762787082478405e-09 5.451111502972419e-09 4.154654952686945e-09 4.8292750757315265e-09 4.213028967930814e-09 4.689407091419397e-09 4.011204441275046e-09 4.9690597993108e-09 5.303070608606755e-09
244 2440 3.327945990079781e-08 0 0 3.752374724014917e-09 4.017436731770213e-09 4.780470041968196e-09 3.630421680333004e-09 4.211246548653311e-09 3.650698816053843e-09 4.042995980392848e-09 3.448749502158955e-09 4.414860660420337e-09 4.555037007290319e-09
245 2450 3.085964785736369e-08 0 0 3.5023904224969437e-09 3.6874018625106407e-09 4.430967228739811e-09 3.205584422695713e-09 3.834747157562533e-09 3.3924873494990405e-09 3.698971678620431e-09 3.222473492519683e-09 4.038367373180638e-09 4.179506365264554e-09
246 2460 2.7472645273884057e-08 0 0 3.05082976235107e-09 3.2207617164840255e-09 3.894575286564809e-09 2.7849474573509618e-09 3.316313648254936e-09 2.9969492938676228e-09 3.2928360020164152e-09 2.875248063430848e-09 3.4338889694851886e-09 3.6970149475400883e-09
247 2470 2.469927996574246e-08 0 0 2.7272229014804723e-09 2.787641697507993e-09 3.4660169627036813e-09 2.497769968975447e-09 2.9500795894363226e-09 2.628126260458569e-09 2.9541395409820337e-09 2.5745813231677846e-09 3.106733018861146e-09 3.2442581546589326e-09
