% # columns="iteration, evaluation, void, void, void, xmean", seed=691310, Tue Feb 25 21:17:51 2020, <python>{}</python> # scaling_of_variables: 1, typical_x: 0
1 10 0 0 0 20.381675297645852 -21.348489816100145 -19.11981542672598 26.16709300734195 0.4430571577634542 8.169393576713619 -17.895195851548976 -10.391653080301698 6.0415144156865335 24.405984799555867
2 20 0 0 0 20.75890971028146 -21.613414489575156 -19.263265746090703 25.75641754572869 0.6975245470981689 8.144811672276099 -17.126726337718875 -9.98062794884148 5.634324594626126 24.14302310787839
3 30 0 0 0 21.379600886068168 -21.484734313148383 -19.261282473655424 25.47633500696383 0.415921478855443 7.724511708753257 -16.751205422675255 -9.703866983625899 5.874365917171423 24.97255552670294
4 40 0 0 0 20.694921142892486 -21.36247569286582 -18.26851331423056 25.764455877635157 0.4262717136321451 7.490434231062684 -16.444071856786934 -9.314743701570553 6.243014221460035 24.581998053379717
5 50 0 0 0 20.41190729590321 -21.93210022956176 -17.27642322306578 24.965445891610532 0.1109755150889043 7.340435257380145 -16.976555518762407 -9.107712142843486 6.060765785401165 23.67384195207857
6 60 0 0 0 18.416750059411747 -22.328956677429616 -17.01627194326243 24.579492512560467 1.1343964792779493 6.805826300818101 -16.909854444702834 -9.316674824286526 5.528109691753899 23.133214134536217
7 70 0 0 0 16.994523378266503 -22.946881638757734 -15.455371482471566 23.904960079000176 0.928560374937345 6.104962070729462 -15.393998356360683 -8.807320230215058 5.022887981207712 22.074502276335938
8 80 0 0 0 14.70680072962424 -21.877165353619045 -16.18505428586675 24.725255273605345 1.3396051792750894 6.075052662138269 -14.432150433331579 -8.1916759724729 4.908219603251717 21.11794555656961
9 90 0 0 0 15.547047454168819 -21.156936881985693 -16.131439642996845 24.22192685078133 -0.15551769935841975 5.2798779363380905 -13.717180555061542 -6.758955165703535 3.6749729914852147 19.768500985306616
10 100 0 0 0 15.269294691723001 -19.996837594140185 -15.53014900950935 23.128858002257157 -1.8499993935200003 5.970161571861177 -12.715934508282821 -4.8988838081932204 2.395044525869858 18.295517746370756
11 110 0 0 0 15.22870704503633 -18.45595761867213 -15.50683261269465 23.713902009160503 -0.4804765177168133 6.774866657045346 -12.209761850300433 -3.274815370801739 1.3789565288552992 17.66854937240764
12 120 0 0 0 13.62731626686821 -18.14242274344183 -17.476192198267686 23.106667803550263 -2.4268419693243177 6.3170403626235245 -10.055204567108982 -1.9002353954030489 0.45920575696942834 14.31375626704632
13 130 0 0 0 15.111015055662335 -16.074225314074006 -15.007502147527445 23.921566375610304 -4.565577483164799 7.326066454212099 -8.781656364073324 -0.1923345816168074 -2.109699433951585 11.219803206392509
14 140 0 0 0 15.398451902722186 -13.076507707746606 -12.37776765973001 23.542222021967905 -4.26414012239169 8.545418945852774 -8.844469399724126 1.0596526833453184 -0.44670112472813006 11.596894400855595
15 150 0 0 0 14.039185347081252 -14.618752462573728 -11.933353736373839 21.388945794599454 -6.403503321017042 6.0640443584078545 -6.135956303736907 2.7905255515533263 -4.973557670497877 5.997296495464031
16 160 0 0 0 10.503856121323471 -10.925953044107464 -9.481321705773523 20.284229937042547 -7.957455697059522 3.39900551431915 -6.032488163769869 5.303509503954102 -0.525233559177801 3.6194944890218412
17 170 0 0 0 9.781874490082028 -8.129840634856052 -9.233895501181495 17.01055114133225 -5.466907329361494 3.680696543624439 -5.213075483857006 0.8883758397919443 0.20585969679467908 4.772961570247947
18 180 0 0 0 7.554597211966564 -7.886869017656367 -10.433499389448897 20.04107769558727 -6.822984811151457 -0.694427775637303 -1.8014321344475617 -1.7053032644003716 -2.5979484078999175 2.8915129734309453
19 190 0 0 0 6.649761776318415 -1.0513519103103057 -9.028079028039112 13.87817960046962 -6.157015049900731 0.2992551960021731 -3.544115635693999 1.9421947924997625 -2.6686275739232963 0.3159653313193309
20 200 0 0 0 6.616685887891388 -3.1991056308228623 -7.185704973831594 11.973191438234219 -2.943291889127728 1.3900214492772576 -3.9513161977522144 1.1002871631898408 -4.6258704288319565 -1.0634501673812817
21 210 0 0 0 4.525910848781546 3.2591821902391387 -1.2121709617661232 8.107974717876328 -3.019941111262014 1.4127977553411766 -2.907205948237949 5.201360691595973 -3.3063131182031 0.013854151111738489
22 220 0 0 0 2.7702359433820987 3.1330039631880497 -0.8856681369203078 8.09189833048551 -0.7578016342326706 1.0097624305970019 -2.097284672910478 1.9833028633538117 -4.651212133636972 -2.1582804384769436
23 230 0 0 0 -0.8282569722947764 1.5754084963657697 1.0489942396355354 4.954682365948918 1.1403114396487937 0.07539324083788468 -2.325638762441761 4.642003871427348 -0.486627470047881 -0.8599454827640116
24 240 0 0 0 -1.4331601228587187 0.31623426153221956 2.0160884925710136 6.654686024976783 -0.5227083651539572 -1.2184151164568795 -3.533463356686174 0.8109272791724988 1.4419588827313423 0.006733280142611098
25 250 0 0 0 -1.3324440618048512 2.34140216963873 1.9800001664588596 6.030196892888498 -2.1167458692265475 -3.0833678265447064 -3.1858323976253726 1.0632950145993438 -0.46710715563191263 -4.486684842530057
26 260 0 0 0 -4.592028129523912 0.10808421550710401 1.1857782316247691 3.357769186099744 -1.766446360294975 0.7015162628151557 -2.0927655560033482 2.242569538079772 1.9660418951102931 -1.4612494099590174
27 270 0 0 0 -2.5115599538982103 0.019293796717768014 0.7614060455604649 2.713773060270519 -0.903170679104656 1.0784488662112308 -3.029809715649834 3.960645822617616 1.2554236209981837 -1.4008555952279398
28 280 0 0 0 -3.6950334653681614 0.7902610588789746 -0.5443831916849943 2.208056762415574 -2.187623876623106 -1.2725689386792525 1.4667614851005784 0.8313768739280913 1.552972869182924 -3.0506863714305137
29 290 0 0 0 -3.4897824628855543 0.9237789545606314 -1.7456725329110778 1.8150377341756005 0.8798591220574172 1.06971675178901 1.792308112038348 0.3588105652642214 2.5901151486309058 0.5375021694539175
30 300 0 0 0 -3.9081638866919604 0.1349500850568388 0.6515005067374484 -0.4224335384144533 -0.3759862005530592 1.3521458305710297 2.867203283270763 0.9723349764928452 -0.5649455916347952 -0.30309180844510974
31 310 0 0 0 -2.0490710623105732 0.2274342771826321 0.20378071097710082 -1.0316131692844048 -0.7296651832373393 0.06900655796540556 1.936987379185679 -1.5969646023903237 -1.6561061513338358 -0.8837215297080074
32 320 0 0 0 2.160344943627668 -0.9085850480143451 -1.3177567637051104 -1.2542254951158625 -0.968102532377219 -0.4188955001840356 -1.084200447050557 -2.664013783493412 -3.8666347800246266 -0.11359286841632577
33 330 0 0 0 2.7576231848049915 -2.6182789234091146 -2.1260101765071666 -0.25686079408318774 -1.236969652829193 1.7999473792677652 -0.7190281601223771 -3.4958072536668996 -4.757592483262864 0.6242398963194191
34 340 0 0 0 2.0282713170661406 -3.6387112463589957 -1.3637585620665817 -2.176923543719776 -1.3528808148496911 2.9327933505627017 -1.5441770836773954 -3.8629972668405306 -5.413489898296109 1.3309580449074472
35 350 0 0 0 -0.06509251827167217 -2.2972757635483996 1.130515061334316 -2.0787474720580668 -3.6179984792429343 3.3226526512427346 -1.0326251325795703 -1.7005227561858747 -5.12128838750169 -0.35791799010231107
36 360 0 0 0 -0.19395640268607894 -0.5665557541633455 1.2699841166710413 -1.1020295113884757 -1.7117802017728216 3.0000074185561028 -2.2432539147814357 -0.9948415368085086 -3.679412747277165 2.0886812051332413
37 370 0 0 0 -0.8588885035344459 0.788218151678379 0.2636451052165376 0.27444478598559074 -1.36707628974916 2.838527104829054 1.3351582494853966 -0.10405154986485443 -2.227937566278681 0.9879734631525523
38 380 0 0 0 -3.008100241839385 2.054462319617481 0.5961958372110121 -0.22004788594126473 -0.7875484842343858 2.5364829330462713 1.2377373138985488 0.18391381758267644 -2.30606940388214 1.499897762591806
39 390 0 0 0 -3.601661729256815 1.3118438944222754 0.04024555424542331 -0.6346638843024747 -0.7670084340101107 2.529506316835211 1.8383932858843304 -0.23340998486096515 -1.2193985521585806 0.6420376691614008
40 400 0 0 0 -2.821421709625942 -0.7424207083815606 -0.4448706804726082 -1.9760946233753671 -0.5680798917240527 2.9307288876930397 0.1976300903759296 -2.182192300530627 -1.3990028091492737 1.116604294166603
41 410 0 0 0 -2.3326239173495784 -0.6174707349090803 -0.9146547318522207 -0.6076265099459266 0.08899620072789882 2.7943321435395925 0.7749782137038004 -0.8341549069002805 -0.40871520081179324 0.15032622595165313
42 420 0 0 0 -2.5438596893154317 -0.833564405742332 -0.32438789888657005 -0.3604291625486514 0.46534444685923887 3.200033949518758 1.0971840055838307 -0.6468067279010878 -0.9210185601208422 -0.0346361044483815
43 430 0 0 0 -2.8665627291685873 0.9183767045985131 -0.4954508555069931 -0.22537230530967672 0.7119442634400357 1.9041716673779758 1.8213118392176595 -1.1819285764330447 -0.3515226025653152 -0.5651467282581282
44 440 0 0 0 -1.5751831134418373 1.0312870887509258 0.011310325712714508 -0.06884840928009711 0.8393292040483458 2.3512323037189033 0.559029591273434 -0.33765070182673607 1.1626362563232182 -0.061115202897328746
45 450 0 0 0 -0.820573921154954 0.4195393096020845 -0.5290032554692707 -0.022947681183083823 0.3919342717151958 2.620309181217234 0.076916928063538 0.2627839686762137 1.7815035370918888 0.5135188957168974
46 460 0 0 0 0.7259086592559948 1.735416416797119 -0.2290792019592257 -0.21009137350546622 -0.18633146978518866 1.8035864164890307 -1.0980175681298137 0.17130210658642578 0.4861292638619463 -0.002382017302531625
47 470 0 0 0 1.8003091958162938 1.4407584718680735 -1.5786666043217141 0.7284844837959734 -0.06670344296556284 1.6385943223094135 0.19578605502514201 -1.0207632735139207 0.9599266316846287 0.030434910678934043
48 480 0 0 0 1.0924621070425358 1.6637475181009946 -1.5866087238350361 0.4290711779648032 0.48968751410394606 1.5842560553921896 -0.45222382984819554 -0.6241870209684237 0.20770754551126203 -0.27957373128702
49 490 0 0 0 0.26418609688261985 2.027329856317729 -0.45619574213706815 1.2963902511516985 0.6595502124759738 1.446172864025472 -0.6967541076896281 -1.0477350070066738 -0.6633678823922877 0.5029536178307674
50 500 0 0 0 -0.23349716155054612 0.9179279364162096 0.7477103566941035 0.44036310473752294 0.8243872982894217 1.5988941045590237 -0.6581703197834917 -1.2816481710581502 0.38266308542413063 0.2293621436083697
51 510 0 0 0 1.1037409638047522 0.28142229605263624 -0.14342438179981576 -0.11427655238760193 0.24837461012256512 0.9724084354601249 -0.9753232545870542 -0.7405589274473448 0.40471571510700427 -0.7612753165131753
52 520 0 0 0 1.508621952656365 0.47810013776149485 -0.12236164821583762 -0.28372655600796687 -0.1762362298563221 0.6804596289016233 -0.5364875646243445 -0.4924165408180018 0.45095315315112705 -0.3093978261299232
53 530 0 0 0 1.1608348376434736 -0.09175732139185622 0.04747122479971111 -0.7571403823180628 -0.8093331820382907 0.41590299192507296 -1.154322730145677 -1.052068734433019 0.28938179467834885 -0.06288284137222955
54 540 0 0 0 0.5922593601280043 -0.5231955474741876 -0.4871148931010352 -0.8646930597981827 -0.1611628316849425 0.7281226833986916 -0.8788870642624013 -1.7072155520976617 0.9734236622957348 0.0944749712137391
55 550 0 0 0 1.2871088631041252 -0.2938222798193706 -0.09946746302863885 0.648597491466561 -0.4707004879948923 0.8071302697102667 -0.40228401949358883 -0.633951880418056 1.5879627817620088 -0.42159038315310254
56 560 0 0 0 0.30089745804709755 -0.05836356557740591 0.37501739232274506 0.2795161368554589 -0.4157682985701058 0.5832553688289215 -0.4832587208184066 0.10281088087148194 1.3421868126922782 -0.2058132047521522
57 570 0 0 0 -0.011473595732941877 0.03669661409835619 -0.03024801346681044 -0.14457573350053998 -0.13146438508523106 1.1391991419144774 -0.4192861340516397 0.3099913724243749 0.9061301802927275 0.5088303506935254
58 580 0 0 0 0.14202549026737654 0.24842185619396046 -0.02150987067319714 -0.20314884605037503 -0.7417941562890374 0.6115238342477968 -0.30032737701656864 -0.1821430288179292 0.9381960548109181 0.4335689626763229
59 590 0 0 0 0.10349036871510353 0.1431009613311774 0.4806039585832757 0.3131235506397802 -0.5728669793440715 0.27152945532919115 -0.551641925861104 -0.13619154441809178 0.8529934081930522 0.042534590549971885
60 600 0 0 0 0.3586481020071026 -0.48622778113404913 0.03271338392808154 0.2480062729765761 -0.5624714370543853 0.2508407560298866 -0.19891360642154687 -0.7333278134311625 0.9091347144534282 0.37636484950927507
61 610 0 0 0 0.15909254698192038 0.1341494747646655 0.15989948031622894 -0.019552180350676213 -0.6844691299637896 0.40450318808698715 -0.1474662504232742 -0.3621134533460836 1.0963662633388032 0.4311041292110889
62 620 0 0 0 -0.03993621766819505 -0.05927845763372161 0.30860670176260346 0.01463076526500752 -0.7285012890531984 0.31015390361436923 -0.3852581308590938 -0.2749193732973593 0.9860932475020106 -0.03664320319648656
63 630 0 0 0 0.10388587100659952 0.145256002874904 0.2668134489999975 -0.26160748765268216 -0.701402260379868 0.16334100156713696 0.008581858039793888 -0.3763660585094171 0.7168032617378409 0.036794574632921795
64 640 0 0 0 -0.18225000670099945 -0.042365211767679684 0.13918085273012587 -0.12406254366549208 -0.4602834866366988 0.24800710975731913 -0.0737636708864017 -0.2955740341365584 0.7956146907014972 0.15807076502080225
65 650 0 0 0 -0.02375812942062705 -0.025320328489179877 -0.23747168535833202 -0.16720415622037058 -0.5245491942201982 0.1418671194349481 0.015607382838756012 -0.052890373048749995 0.6052624800256831 0.07330906454587345
66 660 0 0 0 -0.0005932949978691773 -0.05741395709926626 -0.13584157506004252 -0.14038955260518235 -0.5033889087235662 0.06884975209226298 -0.01879571681671255 -0.05733431503196677 0.745329471600688 0.047645625962859886
67 670 0 0 0 0.055881769060113336 -0.14014488555196694 -0.09140241493032963 -0.11860579370935156 -0.4399413862795623 0.10998959304995264 -0.1400391174689705 -0.03500179078825833 0.7024769740159618 0.021085254230436307
68 680 0 0 0 -0.08368252997368308 -0.15086714012529484 -0.19293318973424964 -0.009374328554722394 -0.08558117134840504 0.16522922292380493 -0.12298053275202746 -0.09512258448562498 0.5112560860797974 0.14432869090582418
69 690 0 0 0 -0.062392367566123756 -0.0350889868925674 -0.16087398101894193 0.07619267651688015 -0.1847887323244417 0.11421134108816784 -0.006247999615475633 0.0844751513649664 0.7816949247536075 0.03208780221910401
70 700 0 0 0 -0.0227339743970493 -0.08132235807239468 -0.04001267727180936 0.07313752066456738 -0.02924824846096144 0.0530740293423461 0.002248567098524428 0.38368218845767366 0.8038521521404534 0.10339152033745715
71 710 0 0 0 -0.263130770716204 0.09782381690884845 -0.12224534871542816 0.024977488046520474 -0.16054235823706933 -0.11595953385176877 -0.13691732291053685 0.18021694056064824 0.6169158904926556 -0.053676679336756336
72 720 0 0 0 -0.18899256299402925 0.06406675377414056 -0.1158621787784608 0.14001160098845988 -0.3630531872882877 -0.2059134120519291 -0.11946961784658514 0.12928880218259794 0.4794523433815734 0.05566874605050015
73 730 0 0 0 -0.04793484982174179 -0.06821141966202515 -0.051477911356265255 0.04549959734116857 -0.45058340544944 -0.1625093340128174 -0.09610007032954382 -0.026636401403793836 0.4873913042446014 -0.01678607559234438
74 740 0 0 0 0.06436949966811548 -0.18914155891985546 0.01520851692622334 0.1436248318755396 -0.4411259552539905 -0.09807377000757098 -0.13685302131908392 0.033934398008213705 0.21792856212233375 0.048274899512625244
75 750 0 0 0 -0.009146090220823494 -0.23768432651673715 0.03615839020435647 0.06296772636600363 -0.3786993856267859 -0.10346145454355224 -0.10258542585375906 0.0011824169350764524 0.08810737602361479 -0.09000866744793747
76 760 0 0 0 -0.03595829120406598 -0.18414188168811396 0.06957083043650096 0.09152632183123457 -0.4219583965061855 -0.06674468215082609 0.03828186393378878 -0.08299240930049817 0.04378047260326036 -0.2032816079696481
77 770 0 0 0 -0.11413382220766746 -0.14371382756729786 0.06672461520736606 0.047584449389892675 -0.36415979327307935 -0.027887080931855365 0.06469043701615419 -0.15301620464303634 0.08784219009581709 -0.2113325085222803
78 780 0 0 0 -0.10099090031019653 -0.039644075364900055 0.117171429501048 -0.023989960270142566 -0.2934094283522843 0.02749274939356297 0.02242412297612674 -0.09328701817699168 0.16938310015216224 -0.16072919862479143
79 790 0 0 0 -0.12508305789844143 0.03754792463340445 0.07522391897643176 0.1305329773842867 -0.30600243386358394 0.051934001786438866 0.06633240516086396 0.029525378324724252 0.14374305236939117 -0.1637521113583906
80 800 0 0 0 -0.1359334048493846 0.014468393328110962 0.08069062067602376 0.14950645738319773 -0.1584912405368487 0.08860302166630839 -0.007753972786482294 -0.08091959271289102 0.13296245712490642 -0.07333999315939317
81 810 0 0 0 -0.06143668934427947 0.10312994664007784 -0.02667720758752487 0.17588514730059998 -0.13026667836969658 0.1254331067962421 -0.005838687009139833 -0.08343894306498667 0.06874502901689933 -0.07291280927763248
82 820 0 0 0 -0.04419678868798947 0.12364077018992785 0.07111990499616228 0.25104264309956315 -0.06590988739528936 0.14912823517667223 -0.029041055606355788 -0.039719906704954955 0.05272128471918606 -0.14984039948522493
83 830 0 0 0 -0.059351055311965974 0.1649494562003226 0.03569457378580421 0.1673549215983137 -0.1059915954188193 0.22756736818982015 0.03978244821084174 -0.059411838331332456 -0.07587155301534135 -0.06111549452584841
84 840 0 0 0 -0.0832679592514505 0.03986771802623068 0.026024318513084666 0.20251774258121813 -0.12407804095495498 0.17214131464748367 0.04431920777595084 -0.08389042079727113 -0.015293432582518252 -0.11558627056510062
85 850 0 0 0 -0.005023443819094794 -0.004261435006823834 0.03644570509232179 0.19375195373601237 -0.11750687968445209 0.18541365798467968 0.09464015829008979 -0.07062789286620086 -0.015127332907628552 -0.09955017318255019
86 860 0 0 0 0.0032111508730401517 0.023643774750246423 -0.025757722963104433 0.14697687554314254 -0.03372663697551592 0.1737736079872352 0.04273700332218434 -0.05040568058375223 -0.014417833291540842 -0.06684794659255967
87 870 0 0 0 0.017945171339049295 -0.04055409935305768 -0.05278992725272803 0.09472725985790903 -0.12774929385013084 0.11775661213982525 0.07243499448886884 -0.07115209068702517 -0.04820609948411653 -0.07767473095153507
88 880 0 0 0 0.02999945419917415 0.005145065707930455 -0.04372224153956048 0.06022111217298158 -0.09279571968670826 0.09651909971652843 -0.016021132127739868 -0.03689971856890274 -0.008411707447621694 -0.005620777518341238
89 890 0 0 0 0.05602588875919257 0.00041694850819372874 -0.06559534828222009 0.08845006960660676 -0.13438524552211706 0.08492572225215832 -0.016437442675811244 0.023715353797134978 -0.028141607593712214 -0.07676619964679918
90 900 0 0 0 0.051985787949774334 0.02665269128528326 -0.049556687717717145 0.06426594208610324 -0.11366283155067822 0.06077299554634016 -0.028071785440851295 -0.010673565720273254 0.034310265429262174 -0.04038480230296193
91 910 0 0 0 0.01963027414248003 0.004961342428956895 -0.025802076223305215 0.05943101898628756 -0.12163509954132798 0.04757093617222054 -0.0455164423919197 -0.001422099701527891 0.03233912944213199 -0.02038088173742145
92 920 0 0 0 -0.00040890180264268466 0.0074404382454465075 -0.05209426838310831 0.0320994283405894 -0.08619256003557019 0.07787020566232455 -0.02770293636054936 0.00787573078516999 0.004163020980680634 -0.029349871696916146
93 930 0 0 0 0.0021825864655138365 -0.016019574620121317 -0.07584704096673933 0.015947560348394563 -0.08061369295214144 0.07745538503798302 -0.03706094305903622 -0.005983446698132841 -0.005027387173875627 -0.01755076291307863
94 940 0 0 0 -0.0022523553091168646 -0.013996986004211126 -0.047731738383701115 -0.0011971251678055336 -0.061093321252288064 0.05500144958496517 -0.019853228532135864 0.030956459223017867 0.0016427896414833599 -0.027733699528263843
95 950 0 0 0 -0.03207449889612588 -0.02429733927821451 -0.01628252434735148 -0.01618259044040629 -0.048529901345369095 0.03348320288720506 -0.03876729107954328 0.03166041136504825 0.01832017462524249 -0.03335092271679964
96 960 0 0 0 -0.04080819930781332 0.013847413167068352 0.0032183333472320455 -0.009429827547173456 -0.026871298624281295 0.02829602851717701 -0.01903032113749811 0.08138891225592926 0.009712332069161929 -0.03272124889127822
97 970 0 0 0 -0.030428420264687377 -0.0428805713499035 0.016949522430871854 -0.02018046366796135 0.005053548354527405 0.040205828705311523 -0.021027988686427895 0.05876299561712389 0.0032571938453691118 -0.02382364606576178
98 980 0 0 0 -0.02877804199237275 -0.03666525392297167 0.015066531261470083 0.014932379285559294 -0.02153090024727019 0.020436031159353357 -0.0043201645519903645 0.036124723872641595 -0.011955213979004575 -0.05074005311787432
99 990 0 0 0 -0.031962429768556316 -0.02435398150087673 -0.008540078628941728 -0.013839062036410318 0.004149448327725333 0.003630620828243107 -0.013707721898157145 0.06301415243406926 -0.02110596700563577 -0.02520427416486607
100 1000 0 0 0 -0.03369069350672334 -0.04265893829252689 -0.027505949117885786 -0.03304957904730828 0.00932873444535654 0.0002235109559108727 -0.04759693248447089 0.043901800555646055 -0.004838471365110605 -0.045634176699788996
101 1010 0 0 0 -0.03358350251376331 -0.009247870371612676 -0.012383369646505563 -0.029328456333067444 0.019723802352448402 0.02962173683240793 -0.0383374064673341 0.0298570847484116 -0.02064878749786924 -0.009191934925381944
102 1020 0 0 0 -0.021025116139326665 -0.021720083748485695 -0.010926365714355011 -0.046097543376151816 0.004670270931690215 0.028176444927268427 -0.024650862111312694 0.04356852134381364 -0.0174377362222816 -0.03548609504398525
103 1030 0 0 0 -0.02443334385848999 -0.004813201389993537 -0.02782320376793372 -0.031598792314490864 0.004616823793389771 0.047005661158764166 -0.024462812920093387 0.021279887257289836 -0.009575108521428276 -0.006195859744095165
104 1040 0 0 0 -0.040528278119028 -0.015521035150592374 -0.04547342334573648 -0.011028256479152794 0.014172124523599132 0.02569819294362269 -0.010771804818704234 0.0212873130136794 0.002559886437744463 0.002060326110927527
105 1050 0 0 0 -0.021301914925665945 -0.01207981181887437 -0.02643899980713552 0.006794598404691023 0.01428972067980987 0.029835260367674612 0.0030640300168452133 0.03217144141861692 0.023840567720884734 -0.005649791214327597
106 1060 0 0 0 -0.004914430011020855 -0.005929846633298202 -0.010565133392289653 0.003238731596289756 0.001619216470628326 0.016218143254462223 0.0112455494499132 0.012526513604683317 0.02328434291413757 -0.006977523241365743
107 1070 0 0 0 -0.009872773138968954 0.007389657722344438 -0.012843273773424231 0.012115820508733267 0.009862294555255115 0.004867116240583244 0.006801507149446013 0.0154807878733026 0.01729412267881514 -0.0077821547533847395
108 1080 0 0 0 -0.00944009187724329 0.0051611579470531525 -0.02112748214190967 0.0013744814571956115 0.014681132326243792 0.02136325880997452 -0.0099660101953097 -0.0004583474903542377 0.016623971549461596 0.0009924490236750162
109 1090 0 0 0 -0.009577689854309793 0.017200369992621426 -0.020408915107465408 -0.011594150767335283 0.012033162031378624 0.009567269877236474 -0.0018369554740027064 -0.0071644174677971085 0.008745430741170509 -0.006955866861173976
110 1100 0 0 0 -0.0072002122941062525 -0.0017522764175302921 -0.01654051367523069 0.014058853306409262 0.006163426619612539 5.2449678266053984e-05 0.00033542194614425997 0.003564593214491125 0.0026880202566956675 -0.020063088409212903
111 1110 0 0 0 -0.008427006692321394 0.00599542076783455 -0.004080772043268581 0.00840068676284494 0.005266411399932815 -0.002608907004888017 0.009202206823889773 -0.00966069476288425 -0.005291029782787187 -0.016579183014090403
112 1120 0 0 0 -0.002857191708961565 -0.0037272189902677255 -0.006183586847291422 0.008050195796949202 -0.0017423277830255716 -0.006365576971718224 0.008126500331396199 -0.007311192145863702 -0.0007206884311971081 -0.020156831026040718
113 1130 0 0 0 -0.015514107700484475 0.002843322465586352 -0.0007213256663214096 0.00036115327178148134 -0.0032502027246032283 0.004706896992968891 0.008233793765980714 -0.01161214686883879 -0.0003030584201365087 -0.00936133892447664
114 1140 0 0 0 -0.008669049534806529 0.0006842420654103063 0.006145790518754339 -0.005346932938944232 -0.004526048049407341 0.002157779509546294 0.0165031573630203 -0.009208544740274117 -0.007126157852511627 0.003691510589908584
115 1150 0 0 0 -0.003749125223996126 0.005193499884040955 -0.0003192688318963506 -0.005131948772081482 0.009078408799685862 0.016898745703252768 0.012296680370941823 -0.014684507247230574 -0.018834865554853343 -0.00032168929674901686
116 1160 0 0 0 -0.0030298639821971962 0.011260190551941274 -0.014470647936854285 -0.006569652269775659 0.016733861641538225 0.013041639758644724 0.0031148706741145477 -0.007835054511956225 -0.010429821975284236 0.007485391637145883
117 1170 0 0 0 -0.005606777045461862 0.005435636611710772 -0.008948329975833957 -0.006467744356672658 0.01497250159959893 0.006653402246864689 0.001381105019668946 -0.0016922114885665161 -0.011364068632599639 -0.006619807964306755
118 1180 0 0 0 0.002025827792602476 0.003341649865482463 -0.003159708096187208 -0.0055841275042808 0.006915670089357444 0.0015442913615545516 0.006071930945148326 -0.0054076160231559135 -0.013118407675051262 -0.005351605342175904
119 1190 0 0 0 0.0029072578191821088 0.00404325047605924 -0.008333901437508432 -0.0017850932273512417 0.004095829587640411 0.0013597563491591245 0.000988370553518388 0.0032742816905750437 -0.007731835551167841 -0.0017113914310441253
120 1200 0 0 0 0.003898287630101723 0.0022725379778710344 0.001467016772796148 -0.006362259060657532 0.005512902833306405 -0.002824180477739904 0.0039109570398441155 -0.006052191052385195 -0.006807798502095864 -0.005992977959979108
121 1210 0 0 0 0.0046687336161807536 -0.00182064243735214 0.00013773074419141593 -0.002916209769504958 0.008463986160329215 -0.0027328791605892217 0.003752126401518876 -2.5555746012130565e-05 -0.012347651639397708 -0.006950195252118572
122 1220 0 0 0 0.005204362264832051 -0.003867358497650372 -0.0018997301475519738 -0.006318589275077482 0.01032103546598912 -0.0009732140777209486 0.0017730611500491582 -0.0005827997895289613 -0.001766921967831958 -0.002743322158920608
123 1230 0 0 0 0.0013210447993306563 -0.0051546545527667706 -0.0043006280305184965 -0.0012605357156283649 0.006727409725848783 -0.00019397477644856795 0.004277670698382931 -0.0003212420277733146 0.0013862035482928425 -0.004542761737598475
124 1240 0 0 0 0.0008723880974946929 -0.005614669094706874 -0.0037197812201413714 -0.0018547202379374562 0.006013158833793608 -0.0031126169363782166 0.0017929235453169458 -0.001904313955588887 -0.00020071385762283358 -5.795626170780697e-05
125 1250 0 0 0 0.0023136296037784524 -0.0013493047070778615 -0.0020031876720561412 -0.0034877017503171077 0.003188291230932748 -0.006374071017110705 0.00032591945395503094 0.0020383984987880754 -9.472042235868241e-05 0.001547303523211511
126 1260 0 0 0 0.004435436725836406 -0.00018745192453647054 -0.001762963097652399 -0.004201536553969945 0.0026683776555556913 -0.0019133316817355984 -0.0018503095525620728 -0.002954356249215395 0.001093249443643119 -0.0019307665346739195
127 1270 0 0 0 0.005564242702116354 0.0008965242868909406 -0.0019208911150962482 -0.006093467340036417 -0.0007440948786391374 -0.004947925000093533 0.004697013604826727 0.000811055159439925 0.002971175417563245 0.0015554914558987534
128 1280 0 0 0 0.0034543768571335025 0.0030151505284169372 -0.003155177545875742 -0.001840802202447968 0.0031185553957635477 -0.0042451765120932565 0.0018766479438953529 0.002347811670242769 0.0027969030906320374 -0.00032747998125180777
129 1290 0 0 0 0.0011001389939720952 0.003476497026310526 -0.005277464828903697 -0.0011780580221285501 -0.0006354429880866767 0.0002931679536849847 0.0008476480598833512 0.00219674219990698 0.0007063957901089022 -0.0020443809368483196
130 1300 0 0 0 0.001476084252989732 0.004029443099304308 -0.0024514975773805093 -0.003280241710265864 -0.0031130610760517225 -0.0003022249793672401 3.922721997845133e-05 -0.0010353545099021557 -0.001436507991336345 -0.0032408570820385042
131 1310 0 0 0 -0.00017970044731906534 0.0029481990305632024 -0.004307772850081118 -0.00025791723903695546 -0.005199051496044091 -0.0007295962797361331 -0.0011236479104815558 -0.00022635214522341183 -0.00422264362609658 -0.0030363285757470473
132 1320 0 0 0 0.0028571560610787918 0.0005482998717163366 -0.006464393002824206 -0.0006103197652468414 -0.0027807051970155615 5.0476170939787427e-05 0.00016982517100708997 -0.0022000352169832434 -0.0019772199144251173 -0.0015666573796204448
133 1330 0 0 0 0.0027670443115464525 0.0004644616546929552 -0.005727948374149565 -0.0006046208150945348 -0.0022040118761649753 -0.0004784921623334947 -0.00041561492098704923 0.0010776673955669872 -0.00037502324854692473 -0.00046127877014085004
134 1340 0 0 0 0.0018452099168336162 0.000996047686610547 -0.0034533098080691133 -0.0026951011986337363 0.00016940334854130676 -0.0005226231771627011 -0.0014323251417778819 -0.0014301662517772814 0.0006592892324933344 0.0015837472108040332
135 1350 0 0 0 0.0022983451444544044 -0.0003105855117459045 -0.0023840892790834537 -0.0021992253442757433 -0.00016062303157104183 -0.0011179908041437584 -0.001128218015283483 0.0009846255672648504 0.0021906359870737554 9.743132387413068e-05
136 1360 0 0 0 0.0011817809913148261 -9.142783994916178e-05 -0.0027351875497508954 -0.0010789098706247909 -0.00037349180898301517 -0.002126641761847487 0.0008786983182602062 0.0022656877521034105 0.0005484644793536313 0.000847433121265446
137 1370 0 0 0 0.0017724232206465726 -0.00023037404256959218 0.0002156307292131292 -0.001364492587667386 -0.0008281028677851049 -0.0024311462444846863 0.0006119351812946064 0.002339013334152741 0.0011857562224553825 -0.0011508166401919353
138 1380 0 0 0 0.0011987308257091847 0.0016074057397781657 0.00020609163125436187 -0.0015259727133665815 7.858269592802202e-06 -0.0024261580940022538 -0.00011371560864404371 0.0007543028674160796 0.0008756419472350074 -0.0007194209409676617
139 1390 0 0 0 0.0007651622114088229 0.0018467448659371549 0.0004323789766815054 -0.0007628484719271865 0.0005312269055489736 -0.0023495574326564597 -0.0007656299795290212 0.001457040838978366 0.0007123043480667975 -0.0006525792792208789
140 1400 0 0 0 0.0008203822716643922 -4.31343010347e-05 0.0006574846315957934 0.0004028174278126968 0.0005923614038289183 -0.00045241299160083456 -0.0004762781073080969 0.000935611106566745 -0.0007914625726115097 -0.00041956780316518483
141 1410 0 0 0 0.0006766006504237642 2.5484804890423587e-05 0.0004471048807457446 0.0004315270190904975 -4.809985129685811e-05 -0.0001449354307629971 -0.00019558044891397196 -0.00019439607237849805 -0.0017808319067088136 0.00042164497721106103
142 1420 0 0 0 0.0002959744747037606 0.0003406722940879729 -0.00022100706368017578 -0.0007026799228213828 -0.0003144645465635248 -0.0017361768970083572 -0.00021981136707857518 0.000748640486277361 -0.000758586947769637 -0.00014914456744666418
143 1430 0 0 0 0.0012963152402625639 0.00012837647572279203 -0.0003882203357057104 4.333363934314776e-05 5.2445637489354846e-05 -0.0009564317689808382 0.0012017073498144643 0.0005300202112448907 -0.0007142239263391918 -0.000338097911024901
144 1440 0 0 0 0.001667911627746164 0.0002738924658356271 -0.0005462117598038885 0.001412577797414217 -0.0004299145435196487 -0.00033938647236319707 -0.0001286711346112821 0.0008404307667076211 -0.00034334141479880006 -0.0007855319980913533
145 1450 0 0 0 0.001012168044634478 0.0008429097915730511 -8.456484447959451e-05 1.848484407681629e-05 -0.0009925895804872532 -0.0005026246390118838 -0.0006380087262527663 0.00023515917682993804 0.0005637414102203787 -0.000983165510409098
146 1460 0 0 0 0.0007855879590911264 0.00010690015993010881 -4.954338417431051e-05 -0.00030064710591169806 -0.0007141528946506224 -0.0010181790856545166 -0.0005778620813309244 -0.00033420576385211065 -3.21687282545469e-05 -0.00012280626101195255
147 1470 0 0 0 0.0006765013310263 0.0007025130646981699 0.00023566119376360658 -0.0002849694586843926 -0.0003065212109096843 -0.0009410063277902993 -0.00015923657544424173 0.0003713371980809499 -0.0009536216007918829 -7.311893746809442e-05
148 1480 0 0 0 0.0007309220785102824 5.049657076220304e-05 8.832705000207585e-05 -0.00017302230316973806 -0.00026965382693912705 -0.0009208989454275013 -0.0003786025939338121 -2.3002833276349933e-05 -0.0005796166292145115 -0.0004795763906237516
149 1490 0 0 0 0.001031654749799318 -0.00027039674180566594 -2.589271758790464e-06 5.667552768912423e-05 -0.0003200101818809488 -0.00047146252644566177 -0.00020848192139886232 -0.0001233059442278405 -0.0007157597649115927 -0.00043918644732932754
150 1500 0 0 0 0.0011264237193172922 -0.00020738896338235273 -0.00026709893131404315 0.00019099289011785723 -0.0002583561722382566 -0.0005702364315619002 -9.608727940642998e-05 0.0005446527256637577 -0.0005089119307994725 -0.000579080902603356
151 1510 0 0 0 0.0007470665449532526 0.0005320000266525233 0.00012293296853094096 0.00024299317904165552 -0.0005119169388885936 -0.0006016284531134874 4.803178271781176e-05 8.667075441518837e-05 -0.0007410782395258163 -0.00014472236469709822
152 1520 0 0 0 0.000772750528976496 -3.8108674028304763e-05 0.0001594722786695836 -0.00022582373353514576 -0.00031576066914902796 -0.0007986476047142735 8.240312215320535e-05 0.00012411841225504962 -0.0005362788691247041 -7.423750475623205e-05
153 1530 0 0 0 0.0006800212318864473 0.00033168254600520944 0.00015859799312111005 -0.0005238349096525524 -0.00047942409013360056 -0.0009265878477187645 0.00035286197155112486 -6.200177812812566e-05 -0.0002889602910989421 -3.3998711843807785e-06
154 1540 0 0 0 0.000416109932274606 0.0006787284959382013 0.000174153155486046 -0.0004636232096800016 -0.00017399700375636648 -0.0006947554518525609 0.00027463668093107257 0.00012209923396526797 -0.00017949578278017879 -8.350567914395016e-05
155 1550 0 0 0 0.0002493687046921396 0.0006274341528134694 0.00045002015655582286 -0.00039687090481356664 -2.298657262954243e-05 -0.0005428526276014369 -3.023339020162395e-05 0.00016781420270719848 -0.00018909068987319814 3.759723036900218e-05
156 1560 0 0 0 8.950598896538488e-05 0.00045065379539303385 0.0004072322331120282 -0.00029360880480092696 -0.00010217893529354365 0.00014810862798948885 -0.00020387183138226314 -5.416598564844259e-05 -0.00012581459874296889 -7.511258570950325e-05
157 1570 0 0 0 9.119552769125141e-05 0.0003526696960810267 0.0004963041360583661 -0.0002068584265808823 -9.617319368662623e-05 0.0002648712408735252 0.00017894006333676787 0.00025205636096939984 0.00019633127393188458 4.956287141422428e-05
158 1580 0 0 0 -9.091525426810998e-05 0.000635775784600437 0.00019593169980992067 -2.108212266975143e-05 9.016388552707915e-05 -0.0001524116567976861 4.7217740589240655e-06 0.00021619519537609405 -0.0001479714060079489 0.00018086231333027492
159 1590 0 0 0 -0.00010133800027885115 0.0004833705033450406 -4.848007382214322e-05 0.00020159202840247615 -7.808672981582798e-05 -7.283866072496328e-05 8.639533471656342e-06 0.0001788514979323455 -0.0001700887911040255 -5.821233150509657e-05
160 1600 0 0 0 -0.00030019083221660854 0.000493849436736498 -1.0813038777563869e-05 0.00023165776539390643 9.872099106249305e-05 8.767275362668849e-05 0.0001103968411574889 0.00023139680947702754 -0.0002424406065990036 -2.686190376650678e-05
161 1610 0 0 0 9.797233489519436e-05 0.0001889042623700237 -7.667300680925504e-05 7.874257223960485e-05 -0.00011583905893517 -0.00020016425393927265 5.818670279456374e-05 0.00013019400758982098 6.046453280095533e-05 -3.488820089608053e-05
162 1620 0 0 0 0.00010401644452432723 -6.204248825851045e-05 -0.00019457601299894316 -2.816092103862837e-05 -0.00012049839382770044 -0.00011082463152746202 3.836396929313238e-06 -5.597008780426437e-05 2.4051699148141532e-05 -0.0001737745995862792
163 1630 0 0 0 1.590317005916872e-05 -0.00013823546157437115 0.0001797180810475586 -9.305145746441983e-05 -0.00017597331121380156 -9.876448837590888e-05 2.2538222970802303e-05 7.950036101661838e-05 0.0001641661048603738 -0.00030282222988586567
164 1640 0 0 0 -0.0001482123363166431 -9.351659496551817e-05 0.00012354493754376244 -9.995331675700432e-05 -0.0002248696585253994 8.578048397425833e-05 -0.00013663438391705644 6.401668609386199e-05 6.761063140773099e-05 -0.00013228187201167315
165 1650 0 0 0 -0.00019100795346467671 -0.00014113863042091522 0.00012046125203489835 -0.000249589454154578 3.5123328908342316e-06 4.940104898466756e-05 -0.00011983667165969094 0.000162086683786419 -0.00010957562672238123 -9.710579845718462e-05
166 1660 0 0 0 -9.339898268486099e-05 -6.494742379098818e-05 -4.678769363325627e-05 -0.00020060207300054599 1.3831881068149246e-05 6.703371506769353e-05 -0.0002594847811939541 0.00019105344696500917 -1.6269017852717124e-05 -9.760801270303443e-05
167 1670 0 0 0 -7.826165469394377e-05 -0.00022817942702847027 -6.171321996248332e-05 -0.00014217434085747843 -0.00011524486387357865 -1.7368241632140214e-05 -0.0003056314507023682 0.00010103792939455132 -0.00015708926420934411 -0.00021476781339134325
168 1680 0 0 0 -2.6072385890264e-05 -3.633136042956533e-05 -0.0001387894407564588 -0.00010370902684568211 -2.6178486139644998e-05 2.0544392298002946e-05 -0.0002217528132083169 6.981852704372415e-05 -6.605169881304256e-05 -0.00013440211560877463
169 1690 0 0 0 6.700016714620632e-05 1.9980669379499185e-05 -0.00012559173583758058 -0.00011656552633101193 -5.224118478279409e-05 -6.251667339633523e-05 -0.00018562773402159858 5.8693051594219215e-05 -8.323197594644335e-05 -5.316822762557078e-05
170 1700 0 0 0 -1.2486917677430738e-05 2.770107709477235e-05 -0.00020022696352211392 6.791365335941698e-06 -4.3811401698414554e-05 5.090756744769734e-05 -0.00015823620719083577 0.00012636482554681294 -7.526463764466785e-05 1.6687287902677445e-05
171 1710 0 0 0 2.190116973797581e-05 8.793199678455473e-05 -0.00019374181178041132 4.620980987033099e-06 -3.7564795533285726e-05 2.3663203801635897e-05 -0.00010070188306828692 4.4533049710370696e-05 -3.902745450784993e-05 -8.634436404165767e-07
172 1720 0 0 0 9.101191369694975e-05 6.612679128265096e-05 -9.878620449552109e-05 2.9153522970493036e-05 -1.8974161221662263e-05 1.4699295553880722e-06 -3.356610578918592e-05 9.747929236766809e-05 -7.347312548088406e-05 -8.193145837872349e-05
173 1730 0 0 0 9.32477782583486e-05 3.956440524091761e-06 -4.436474572302472e-06 -4.989115790278881e-06 -5.3120941378482267e-05 4.3250175156144384e-05 -9.219014816036687e-05 1.463157134826162e-05 -9.887911547675617e-05 -2.736689058936481e-05
174 1740 0 0 0 7.50932062236742e-05 7.546524031218844e-05 5.5966036449571415e-05 -7.801161351554251e-05 -4.893167682241486e-05 3.322389849136449e-05 -1.8531955702806325e-05 4.753267966168268e-05 -0.00014714640491516183 -1.1173848650640856e-05
175 1750 0 0 0 5.708028218238817e-05 -2.360916847598274e-06 -5.0822450989856905e-05 -6.748592761220718e-05 -4.1824057759109756e-05 3.8710422758367085e-05 -8.552767062310377e-05 1.286372117009327e-05 -9.195492682577437e-05 -1.0156473924543299e-05
176 1760 0 0 0 7.251666629861324e-05 -4.13994518659951e-05 -1.4204699970026943e-05 -4.7789451847013025e-05 -2.1030797240925834e-05 6.004169528509276e-05 -0.00012525934328674136 -4.0143654958355256e-05 -2.506325837507321e-05 -1.755902667110148e-05
177 1770 0 0 0 2.718135179226376e-05 7.1212188407107795e-06 5.942584014107583e-05 -5.7812471605156675e-05 -1.5043550096297608e-05 2.0595282263917116e-05 -7.414642221212337e-05 -1.9282409982533572e-05 7.308551529013437e-06 -2.8718823393882433e-05
178 1780 0 0 0 -2.977709373488192e-06 3.059565780864774e-05 -5.1745518736471245e-06 -3.8642039226643804e-05 1.3622938826986364e-05 6.997482299320259e-05 -3.811262311887316e-05 2.2043720055143334e-05 2.4442245258854642e-05 -2.1578469368152342e-05
179 1790 0 0 0 -2.0969519471167652e-05 -6.010843874391513e-08 -4.640461713202176e-05 4.4706199612328466e-05 1.6956883883564452e-05 5.851428524274006e-05 -2.163919746098585e-05 3.0962598661554574e-05 2.5964293135132335e-05 -1.6316675844257167e-05
180 1800 0 0 0 2.6771077281974597e-05 -1.3217379818625111e-05 -8.058357134876185e-05 8.343486824968248e-05 1.1372542230996112e-05 5.459180458142544e-05 3.1006353728248326e-06 3.7766876738509026e-05 1.4931734724646449e-06 3.0453189834308637e-05
181 1810 0 0 0 3.357929102200402e-05 -6.073070575373608e-05 -3.883142269844335e-05 5.5025547402456936e-05 7.813053696101161e-05 4.07697698927625e-05 1.769720762057923e-05 -3.737376954951284e-06 -1.7747244842004245e-06 -2.9377071559943203e-05
182 1820 0 0 0 4.536458489060361e-05 -3.993397781953563e-05 -5.778107335993622e-05 8.412349157763601e-06 7.435162140748572e-05 6.18847513817673e-05 2.9387333211935232e-05 4.073947346005185e-05 1.7222232293677876e-05 -4.72056848870651e-05
183 1830 0 0 0 5.2856567835205245e-05 2.2811953009583008e-05 -3.549381747977231e-05 7.862336290569653e-06 6.733407090865462e-05 4.159989468489373e-05 1.762981316296871e-05 2.2006967215956794e-05 -1.6114080026662612e-05 -2.670529249983232e-05
184 1840 0 0 0 4.486560418238525e-05 7.086122654670596e-06 -5.196603110101828e-05 2.2155801532466152e-05 5.911804916272363e-05 6.838704466462162e-05 -1.3680892105830317e-05 3.6976890659219066e-05 -2.6561262736182435e-05 -2.5361977759794377e-05
185 1850 0 0 0 4.19933145968305e-05 -1.392115564292696e-05 -2.7655262220816497e-05 1.1192361703421387e-05 4.413268364641851e-05 8.556433829773359e-05 -1.3303532123688291e-05 5.091602599146988e-05 3.177153356148835e-06 -7.969245184252558e-06
186 1860 0 0 0 4.309262799721155e-05 -2.3607337253863226e-05 -1.7948952585557443e-05 -2.037537495061453e-05 3.2784550831632656e-05 7.883633657270759e-05 -1.161463107206041e-05 3.879721752262533e-05 3.5164745156512545e-06 2.1590816393379675e-05
187 1870 0 0 0 2.965088831411346e-05 8.799385255765259e-08 -2.1252929873600587e-05 -4.4020278914005195e-05 1.4171306938338278e-05 6.001210462215875e-05 1.8803071157158378e-06 2.943158904333445e-05 4.016634297745925e-05 5.239130348876936e-05
188 1880 0 0 0 2.434823682135544e-05 1.1362163238040387e-06 -1.9666054062431216e-05 -3.3828469234297206e-05 -1.271335940642294e-05 2.7060186486686033e-05 -4.898887648437551e-06 9.971028145747028e-06 3.015122044947188e-05 3.790966227890581e-05
189 1890 0 0 0 -2.6556511896900893e-06 -8.728106045234807e-06 -2.495385248867319e-05 -1.2768031358168582e-05 -2.6792994243145855e-05 3.1672116942395794e-05 -4.558332454512408e-05 1.739447058700554e-05 9.748277330936843e-06 3.931565221413715e-05
190 1900 0 0 0 -4.894734550435859e-07 -2.3429951375396234e-05 -1.9377114751671375e-05 1.2793591250989274e-06 -5.289876351338512e-06 4.862407731090391e-05 -3.6098292969824425e-05 2.4893634299104997e-05 2.0937878063946205e-05 3.8653505641626216e-05
191 1910 0 0 0 2.0694619879456767e-05 -2.351636573043789e-05 -6.325645813041353e-06 3.438240945812614e-05 -3.113221342367447e-06 3.640441939906869e-05 -3.9463053759120316e-05 2.9172849750357272e-05 1.1053018586371527e-05 1.3693707006563617e-05
192 1920 0 0 0 2.242273842296471e-06 -1.2185699901684733e-05 1.5818463225003762e-05 1.789628543477879e-05 9.02544332733172e-06 2.2818433674868356e-05 -2.657471310559836e-05 4.445381323609738e-05 1.2391947869292036e-05 1.037456808135993e-05
193 1930 0 0 0 -1.3499158361733097e-05 1.9342049151440525e-05 1.5533958236366813e-05 8.914021470182267e-06 2.6112540578962256e-05 -1.5646679038993565e-06 1.792347736151525e-06 2.1215114339561076e-05 7.409339391911209e-06 1.3013183822816141e-05
194 1940 0 0 0 -1.668059818310667e-05 4.083957978026429e-06 2.892282545501141e-06 -4.385889469649091e-06 9.851814732657165e-06 2.0508796707388373e-05 -1.575200526597304e-06 8.511811449050059e-06 1.582498288800043e-05 5.9114874515160374e-06
195 1950 0 0 0 8.033581878016266e-06 1.338953745975432e-05 1.0176073696013438e-06 -1.57723842128914e-05 -6.83085524739295e-06 2.075515610925169e-05 2.2499528935650122e-06 -2.1624109485037046e-05 1.5595654768282466e-06 -4.354497304174126e-06
196 1960 0 0 0 2.260451778452092e-06 6.604600877175012e-06 -1.1261372441492954e-05 4.651222494836171e-06 -7.664012607140775e-06 3.055067607325021e-05 -1.631825353125932e-05 -1.7708560812226428e-05 1.5610860583249836e-05 -9.678229047016738e-06
197 1970 0 0 0 5.528238514530589e-07 3.136728109705582e-06 -3.779741773638908e-06 1.623960558067796e-06 -2.1955928498229446e-06 1.922928739638657e-05 -2.3098310310261012e-05 -1.3504004683186347e-05 3.5196093947780304e-06 -4.008338384170975e-06
198 1980 0 0 0 2.2426582034134324e-06 1.54367211061316e-05 -9.44025264450405e-06 -5.278166024620316e-07 -1.51200052047137e-06 1.4745263200102528e-05 -2.089922164825487e-05 -1.2383879779832033e-05 1.7237358517140715e-06 -8.224244523905294e-06
199 1990 0 0 0 1.50090480433862e-05 1.9155488857430396e-05 -1.86153039916339e-05 -1.381052826157286e-05 -7.845188769158884e-06 2.5236550175556426e-05 -1.2444317896718015e-05 -7.856084163592456e-06 1.1580374746656067e-05 -1.2061420011858154e-05
200 2000 0 0 0 1.1626390681288293e-05 1.3200721347166633e-05 -9.548775670272214e-06 -1.4760710676715247e-05 -9.904564973899392e-06 3.029198185208977e-05 -1.212397343027913e-05 -2.025136354849115e-05 1.520574231366444e-06 9.77594114471293e-06
201 2010 0 0 0 1.9329319584799922e-05 1.2395698394675007e-05 -2.7658214268913415e-06 -8.532739867932486e-06 -7.703230129824784e-06 2.1509973248681784e-05 -1.1743416182261001e-05 -1.067343228894837e-05 -1.2374944958991408e-06 1.843525669676053e-05
202 2020 0 0 0 4.415604535010797e-06 1.146738613888452e-05 6.183886165148418e-06 -1.7287393395443617e-05 -3.4471931779773853e-06 2.4918128273843673e-05 -1.0204620294778916e-05 -3.7303938075005e-06 -9.506647559108659e-06 1.597642792116913e-05
203 2030 0 0 0 -1.0113729879035189e-05 2.169096237847918e-05 -1.5393185923798353e-06 -2.037524450382986e-05 3.049213721822788e-07 1.8379600199786103e-05 -1.1627518819134575e-05 -8.467088705406327e-06 -6.22124455918464e-06 6.3306556688423505e-06
204 2040 0 0 0 -6.0463287008555934e-06 1.5624449373895823e-05 -2.6050034804336304e-06 -1.1436117126392537e-05 -2.5812522186516862e-06 1.1723446878541229e-05 -1.554376572131806e-05 -1.4425243511844295e-05 -1.1458448841958493e-05 -6.7333580454627e-06
205 2050 0 0 0 -1.145258051866807e-05 1.3587524550888405e-05 1.5981185084373314e-06 -1.1129011959784093e-05 6.25911824603179e-06 1.010229479679734e-05 -1.6575117820077628e-05 -1.4405474267928478e-05 -1.6296770307174226e-05 -3.1854764898087987e-06
206 2060 0 0 0 -8.914192565289213e-06 1.2310097104355219e-05 -1.1680758391192877e-06 -7.472434455160004e-06 6.141310391223911e-06 6.975894070558823e-07 -1.4175490861013673e-05 -9.19392784794004e-06 -1.329806922161307e-05 -7.046311576585309e-06
207 2070 0 0 0 -4.0469018346350924e-06 1.0642244753591286e-05 -8.743258523830973e-07 -4.897247474944073e-06 7.676198760703152e-06 3.448305357927885e-06 -8.714512673869139e-06 -1.5000076704240604e-06 -1.1859233368646748e-05 1.2032223971475493e-06
208 2080 0 0 0 -7.836382436668197e-06 9.501331620898518e-06 -3.887479481503228e-06 -7.4543362049195665e-06 -1.2689555472803347e-07 -4.103012223593586e-06 -4.8287900036391834e-06 -1.1878607088026398e-06 -1.2302488232634634e-05 -4.925157360286745e-07
209 2090 0 0 0 -1.36385707584382e-05 1.1888227612281725e-05 -7.924958604872917e-06 5.299958867865528e-07 -7.618313719779275e-07 -3.125266395384388e-06 1.2602076299347956e-06 3.5438784112502264e-06 -5.764028891705753e-06 -3.2811489682591734e-06
210 2100 0 0 0 -9.436341174640933e-06 1.0571900961098037e-05 -3.5235547881357755e-06 3.1662329732815367e-06 -3.520644231494672e-07 -1.0518426444993584e-05 -3.1493561392772077e-06 4.26309062875637e-06 -3.225502131515794e-06 -1.1023144558144432e-05
211 2110 0 0 0 -4.71644247229241e-06 8.264493256842671e-06 2.444316693373705e-06 1.3442576735881323e-06 -7.313210191583726e-07 -9.995829100715844e-06 -7.869717518338026e-06 1.439178504162566e-06 -4.431044583781904e-06 -2.3229709193314437e-06
212 2120 0 0 0 -1.1123342230160336e-06 7.820581537290916e-06 -1.675802171749157e-06 2.109702073773827e-06 2.139631225617402e-06 -5.197011864358797e-06 -5.3054812902642395e-06 -1.5624176971615006e-06 -7.916320772672615e-06 6.136155213309961e-07
213 2130 0 0 0 -1.3678385346341872e-06 3.743113884069962e-06 -4.110237850725988e-06 6.285819337483775e-06 2.4674288043566104e-06 -5.661571041970431e-06 -8.884545817755293e-07 -4.923657382096408e-07 -4.121591859982627e-06 2.145442223958909e-06
214 2140 0 0 0 5.159799256255757e-06 3.1547289354520163e-06 -4.18780061264327e-06 6.628041087566654e-06 1.1892616738718635e-06 -2.570228713096904e-07 3.473248914054468e-06 7.334202970668909e-07 2.4452022937135063e-07 6.3359787508018185e-06
215 2150 0 0 0 4.047574037500208e-06 4.744357939683188e-06 -7.635428430461296e-06 5.267616871203387e-06 3.044462824017503e-06 -4.712771350576574e-06 3.922803953315268e-06 3.0926054450364152e-06 -1.3997018118774262e-06 2.0265748414988176e-07
216 2160 0 0 0 7.1073525609219155e-06 4.344091549000813e-06 -4.945271494308856e-06 4.636171458118955e-06 3.4948474338528834e-06 -2.45539929959583e-06 -2.3719625011752043e-06 2.7986805602860665e-07 -1.9272460867402793e-06 1.3271073649932166e-07
217 2170 0 0 0 4.711109852136009e-06 1.9012027652043893e-06 -2.4856904159119502e-06 7.162524521605847e-06 2.582466312485626e-06 7.29072665681096e-07 -4.10433886217433e-06 -3.3623933708924323e-06 -5.165562231752545e-06 -4.168477001316626e-06
218 2180 0 0 0 4.644994021718968e-06 4.607442035457327e-06 -5.422709627702915e-07 5.505963512378557e-06 7.11443631883418e-07 3.627508226960223e-06 -2.129845085837588e-06 -2.815580606407913e-06 -1.8993638491976374e-06 2.1959858440033523e-07
219 2190 0 0 0 6.0591785542069906e-06 4.390443191418145e-06 5.5840070598554615e-06 3.427674616321211e-06 1.6699938486952942e-06 1.490649816773062e-06 -5.138226009178592e-07 -2.223374522467829e-06 1.5020346297523452e-06 -3.3598673624666857e-06
220 2200 0 0 0 5.090519202973688e-06 1.3175766331949355e-06 -3.10813827551426e-08 4.93476362743986e-06 -4.6428544603452303e-07 2.372687774216378e-06 3.1483993926633824e-06 -3.959027658625937e-06 2.009749576768536e-06 -3.240569017253646e-06
221 2210 0 0 0 2.1775827503354996e-06 3.7413146878768833e-06 9.054958222094301e-07 3.866841168294304e-06 -2.623806013820647e-06 1.2272614035481582e-07 9.591789553495596e-07 -7.497886704741053e-07 3.438167592341735e-06 -3.014398042083299e-06
222 2220 0 0 0 4.18464735430491e-06 3.2033225047472857e-06 7.922454029747352e-08 8.586145700886791e-07 -2.052743027331396e-06 -9.090256412983788e-07 1.1687154300455454e-06 -1.6514569656752617e-06 1.1696907482209984e-06 -2.4197674493046973e-06
223 2230 0 0 0 2.918930283954478e-06 3.6525188211060178e-06 -1.2703357398870456e-06 3.0736557736165594e-06 6.029257334617531e-08 -7.93075183758182e-07 -1.932710129195539e-06 -1.6147459073540117e-06 -7.259858707699946e-07 -2.75316413193964e-06
224 2240 0 0 0 2.8785801204220894e-06 1.2685569999341787e-06 3.1269510565403534e-07 5.794810642649041e-07 -6.061421114493429e-07 5.421726933627801e-07 -3.690628825322387e-07 -1.9067956959920152e-07 -3.367543308987178e-06 -1.1541241765087677e-06
225 2250 0 0 0 8.997733949443779e-07 1.502945958860411e-06 -1.1545538600734365e-06 1.1833581416734887e-06 1.1954240232725316e-06 -8.365773937355754e-07 5.1206946870918e-07 1.3075061532223158e-06 -1.4361436816751908e-06 6.608265540186397e-07
226 2260 0 0 0 -6.14609875893488e-07 1.4463482362014565e-06 6.25303393570964e-07 3.992079930951832e-07 1.0058804026552679e-07 -2.278216621202811e-07 2.9429446960875827e-07 8.427336050218405e-07 -1.9270251726400187e-06 1.0017123159263872e-08
227 2270 0 0 0 -1.3930863648715034e-06 8.298010256960383e-07 2.885470357261403e-07 -1.446298688481717e-06 6.572017156726386e-08 -1.0046905306233152e-08 -1.3736215338992323e-07 8.376526034050496e-07 -4.7186926976824183e-07 -8.589464090096214e-07
228 2280 0 0 0 6.079835643448401e-07 -1.2644889167225953e-06 1.018926783924145e-06 -6.450243158885565e-07 1.227822689172491e-06 -5.097967191305102e-07 4.7089288623918743e-07 2.2995286693104383e-08 -1.5372938510175197e-06 -1.2192028440583748e-06
229 2290 0 0 0 6.108845004012406e-07 8.040666654902489e-07 6.638131301899837e-07 7.137892141951015e-07 7.902567457338282e-07 -8.496133917638898e-07 3.7311976118168807e-07 5.944287777421072e-07 -2.381269653889666e-07 -1.038363479145754e-06
230 2300 0 0 0 1.791004654376126e-08 8.571324175194107e-07 2.427558676158214e-07 2.954637015479575e-07 7.121219379454577e-07 -6.35956926091723e-07 -5.505012673173037e-07 4.59943588862375e-07 -1.2303733024259187e-06 -4.3249503774806454e-07
231 2310 0 0 0 -2.4213835696995147e-08 1.018232587143925e-06 1.6897656374516946e-06 -6.353106297292187e-07 6.223701238901931e-07 -6.215802727938257e-07 -1.2312990547775328e-06 -4.83690940528324e-07 -9.31775388372708e-07 -4.749356205647153e-07
232 2320 0 0 0 -1.543425556292335e-07 1.1838205034920208e-06 1.3386565192843815e-06 2.6395197605257788e-08 2.752739349414568e-07 -1.4025202469885384e-06 -9.176265510546049e-07 1.1288059047165654e-07 -7.041997758475154e-07 2.9621011077678666e-07
233 2330 0 0 0 -3.3594621220248816e-07 -3.03634439730837e-07 3.5665647601489507e-07 6.551453314408827e-07 5.607046009627419e-07 -6.620742902642953e-07 -2.49708600799461e-07 4.3510900635200204e-07 -1.1048510066976358e-06 2.848402308559139e-07
234 2340 0 0 0 4.0364131058638383e-07 -5.308249036496019e-07 4.396717127464013e-07 -4.402987763995038e-07 -5.3371655776897854e-08 -1.5654344290449083e-07 -7.928852711121259e-08 8.422400871664617e-07 -7.270048079175072e-07 2.759774259910855e-07
235 2350 0 0 0 7.165662077755172e-07 -7.123025933259542e-07 -2.6806895775584368e-08 4.8348443258131275e-08 -1.0578734803205608e-07 -2.6806472524506995e-07 3.2112664567015296e-07 1.3831430884370478e-06 -5.62747937276527e-07 -2.2502239351057466e-07
236 2360 0 0 0 -1.056065449772053e-07 -8.654567913993061e-07 3.3935577564967116e-07 -4.5241242680183164e-07 -4.06725747176473e-08 1.4085645951525975e-07 -1.1150110143197122e-07 1.3144810113658328e-06 -8.632430398685615e-07 -4.0215083948827475e-07
237 2370 0 0 0 2.041327776953613e-07 -8.186450962859636e-07 -1.6486324149023627e-07 -5.088064330909655e-07 1.7626376464588222e-07 -8.219075034427526e-08 3.806431643610751e-07 3.174383722624095e-07 -1.0170807712901043e-06 -5.661208828326286e-07
238 2380 0 0 0 3.116881187565756e-07 -8.351248521481498e-07 -3.6888983025735776e-07 -2.6009433919886334e-07 -7.081390947479369e-07 -6.427709729451293e-08 2.480589953327566e-07 4.190313059514504e-07 -7.768155706652231e-07 -3.118598005565801e-07
239 2390 0 0 0 1.2419222401620342e-07 -6.799606080439026e-07 -5.578275169252216e-07 7.317067433341544e-07 -2.727951601962853e-07 1.203557589828154e-07 -2.0146324854552118e-07 6.23278977759053e-07 -6.475382471912211e-07 -3.1448106274616226e-07
240 2400 0 0 0 4.847258479976401e-07 -4.157166415415431e-07 -5.713962667777487e-07 7.062697090354482e-07 3.166219048952821e-07 -2.677351252527156e-07 2.7222833439206655e-07 -1.011984948559049e-07 2.4629213153352373e-07 -7.886049852851963e-07
241 2410 0 0 0 2.751125466008731e-07 -2.6828137749002273e-07 -3.1171326076609085e-07 7.206315864914387e-07 5.39575962330906e-07 2.2589444677661423e-07 4.045700486156652e-07 5.44331697246005e-07 -6.844450705057584e-07 -6.221759446456317e-07
242 2420 0 0 0 -5.308309554153838e-07 1.4062215385751585e-07 -2.1876805381798628e-07 9.800544248233126e-07 9.99292259593351e-07 -4.225930216213372e-08 -2.5467090661933386e-08 5.349937200426386e-07 2.972202044796644e-07 -1.678001640985263e-07
243 2430 0 0 0 -5.425107224223189e-07 -2.933128163991671e-07 2.846723985857197e-07 5.314877673954815e-07 3.9787120993896005e-07 -8.907282177356374e-08 -1.534823386854147e-07 6.429076432414823e-07 -1.137497677272632e-07 1.365064487504447e-07
244 2440 0 0 0 -4.0625603235681484e-07 -3.057915137943042e-07 7.312576998794402e-07 -8.229796114581688e-08 4.569633758663499e-07 1.6202786371609828e-07 7.692397846812717e-08 4.904058792720439e-07 -3.273712841011637e-07 2.5097163210568983e-07
245 2450 0 0 0 -5.184236447522275e-07 1.355276557455609e-08 -6.077035566626886e-08 3.345206333857854e-07 1.0054627411924336e-07 1.9579632884454141e-07 5.415830733362124e-07 8.680506941927546e-07 -3.6035783609915825e-07 1.613984030683341e-07
246 2460 0 0 0 -5.091667032653734e-07 7.080793165694383e-08 3.3510149482376024e-08 -3.017177588237555e-08 2.04024432847603e-07 -7.101419936004351e-08 1.7579446448448253e-07 5.242889558267665e-07 2.4214690323793883e-07 -3.748915294547625e-07
247 2470 0 0 0 -4.61079052000364e-07 3.2100789277375773e-07 1.8014279442768477e-07 -4.038559361704246e-07 -7.27581776642633e-08 -3.167119849930064e-07 2.4776601826507156e-07 -2.1527038783755202e-07 3.967598681289946e-07 -4.4512611148301767e-07
248 2480 0 0 0 -3.384401381150137e-07 5.170060068983446e-08 2.224737580517387e-07 -1.8531776020994113e-09 -1.8222514478859238e-07 -1.0352310160837346e-07 1.3542518315611446e-07 -1.7659131224958137e-07 9.122545393285794e-07 -3.040413513840382e-07
249 2490 0 0 0 -4.557494455886925e-07 1.6674671378465963e-07 7.184690242110898e-07 2.9970265004749096e-07 -3.1913912676381354e-07 1.701443435480284e-07 -1.6872971530442658e-07 1.3853799230618827e-08 8.112013072804387e-07 -2.691383789150959e-07
250 2500 0 0 0 -3.4650687202367444e-07 5.900494448581142e-08 7.954006185742847e-08 4.632550721900119e-07 -6.126585794463308e-08 1.9649085140130163e-07 -4.127550098552746e-07 1.6239639957969327e-07 1.1270386295994808e-07 -1.9932640845283728e-07
251 2510 0 0 0 -1.3000329509506943e-07 -8.660349271523472e-08 2.320643140433543e-07 3.7561096129407386e-07 2.481269560005854e-07 5.486766806014449e-07 -3.5547977827700507e-07 -6.010975329165497e-08 -2.7223109797478945e-07 1.6612762654796571e-07
252 2520 0 0 0 -5.582891314283087e-08 -4.58823099417083e-09 2.993483041661144e-07 4.276051470469684e-07 -1.4044541503890137e-07 1.3750995395298402e-07 -2.715830273974284e-07 6.915727692022912e-08 -4.869728289707221e-09 -1.7559369006280177e-07
253 2530 0 0 0 -2.7048827954285075e-07 -3.4062836357579054e-08 2.779343041265959e-08 4.151913368318787e-07 5.664320893489337e-08 2.363394011076715e-07 -1.6272213302823902e-07 7.867592445296992e-08 2.556085851683907e-07 7.996472872302646e-09
254 2540 0 0 0 -2.3023699979615633e-07 3.6176162595412054e-08 7.754918363912693e-08 4.8405731571736354e-08 -5.829059756279223e-08 8.207668405450206e-08 -1.257709569284349e-07 -2.771029588121188e-07 5.254986012883755e-08 -1.2717157849450668e-07
255 2550 0 0 0 -2.1534760084861828e-07 1.4179610737766054e-07 -2.8739996305857407e-08 3.1979414858592037e-07 -7.289703533666769e-08 2.8507159099066068e-08 -7.317014493144565e-08 -1.9338103697530974e-07 -2.9678829982273535e-08 1.1648794710452945e-07
256 2560 0 0 0 -9.999125975803113e-08 6.134114766538447e-08 -1.1728518238883485e-07 1.7303702733520904e-07 -1.519491671127685e-07 -8.95742276588747e-08 1.258738290001527e-08 -7.111910947281153e-08 6.933494259033896e-08 -9.989826549328604e-08
257 2570 0 0 0 -1.2261753872550475e-07 1.1099457755741574e-07 3.964488502469566e-08 5.788143912539446e-09 -1.9853671501506567e-07 -1.0264122400322843e-07 -6.554819063308956e-09 -3.75342464431378e-09 -8.75445776582017e-08 -1.4600762953019363e-07
258 2580 0 0 0 -6.39830104928041e-08 9.640108837432542e-08 4.162320417794232e-08 1.1403365780300359e-07 -5.6924294332923516e-08 2.7051831024290144e-08 1.121985159602962e-07 1.1142788393309424e-07 -8.613149063192065e-08 -4.354106190023738e-08
259 2590 0 0 0 8.509630095672524e-08 3.268700823481509e-08 -5.1429552871563154e-08 2.4637030918891943e-07 -5.988497401208888e-08 4.981531915044787e-09 1.5194072350533776e-07 1.810304670097867e-07 -6.232683474326205e-08 -1.4346046598969424e-07
260 2600 0 0 0 4.5482646094423194e-08 9.963972313354656e-08 -1.0023198701370522e-07 6.089880742657208e-08 -1.8387428780452087e-07 -4.1929317063773e-08 7.070611036902246e-08 1.828502573938204e-07 -8.576763595872098e-08 -8.215986485957132e-08
261 2610 0 0 0 5.580697801012402e-08 1.2860282945535583e-07 7.148410903763307e-09 8.81689391886445e-08 -1.116261953024915e-07 -1.2327621111287685e-07 -8.279449483989661e-08 2.3672060339123365e-07 -7.865416395775378e-08 -1.542599401434509e-07
262 2620 0 0 0 8.724094144475666e-09 -8.281736640948831e-08 -5.3638602007847026e-08 4.853950389639266e-08 -1.4293173349737413e-07 -6.780937026716273e-08 -1.4036608051578457e-07 8.826649370701863e-08 -7.400813593327077e-08 -2.180951453221344e-07
263 2630 0 0 0 1.7152793874485556e-07 -6.620853122475053e-08 1.5027240760307616e-08 5.21851993553413e-08 -1.1747828266437583e-07 -1.6542827560516362e-08 -7.371363198127332e-08 6.035405606051705e-08 1.2134219738422249e-08 -1.787122905595824e-07
264 2640 0 0 0 1.352284957011961e-07 -1.4985974788244868e-08 -3.1269508109931334e-08 8.820044484483264e-08 -1.0183567457765345e-07 4.447291389501263e-08 2.1085443177742676e-08 1.0982633818528399e-07 1.4381935624036517e-08 -1.5735085778465382e-07
265 2650 0 0 0 1.8808181764220013e-07 -8.038510282768718e-08 -1.3399801206737257e-08 6.349438362518258e-08 -2.428002139185617e-08 6.904312667021218e-08 -5.217324159952644e-08 7.643659728187306e-08 4.726789944758596e-08 -8.133817438205457e-08
266 2660 0 0 0 8.481915490430617e-08 -5.082063743193175e-08 8.234291886038579e-08 2.9140736970216093e-08 -9.504015063211095e-08 4.8482081163946965e-08 -5.028268487930161e-08 1.2929871691565257e-08 7.850200822182326e-08 -4.488564391597083e-08
267 2670 0 0 0 4.1366662022639365e-08 -4.9603214154027144e-08 5.556146117039945e-08 7.94185014284906e-09 -1.472391194563508e-07 -3.695123171100507e-09 5.344448949726946e-09 1.0308165636243024e-07 3.879446333330653e-08 -5.890549988798027e-08
268 2680 0 0 0 -3.2749175584168995e-08 7.792788763631605e-08 -2.4152745168074848e-08 -3.3751247392222376e-08 -8.24547117025981e-08 4.2780423617941024e-08 -4.033211479924323e-08 8.198053702896911e-08 3.423570243406992e-08 -3.177806126479416e-08
269 2690 0 0 0 -5.657161029674767e-08 1.0449771528685229e-07 -5.752481349449142e-09 -5.597326783966477e-08 -9.242592044310636e-08 5.4439157815513616e-08 -9.456187996616511e-08 8.85465083037579e-08 3.3127130578125124e-08 1.66865588814001e-08
270 2700 0 0 0 -4.429899085154634e-08 1.3193369033953732e-08 -1.74297402117097e-08 8.426724642113983e-09 -1.6512111134134869e-07 4.3979388924789166e-08 -8.660358692511315e-08 1.165632596344974e-07 7.695384421155739e-08 -5.416758019209725e-09
271 2710 0 0 0 -6.892375645014668e-08 1.5103728455401765e-08 -1.9564554121719627e-08 1.0023397181731767e-08 -1.6785546030379365e-07 5.048357925265446e-08 -8.004574536542316e-08 1.436755825392959e-07 -1.3101066803990088e-08 -1.0792022992355472e-07
272 2720 0 0 0 -1.043236462101517e-08 2.2936997779313293e-08 -1.3247462469427631e-08 -1.5955531252916203e-08 -1.868540196120043e-07 3.088354562263323e-08 -4.865798059549714e-08 1.3902015566909302e-07 -8.38656049485603e-09 -5.159340632563153e-08
273 2730 0 0 0 4.085270326040727e-08 1.9250474550660003e-08 -4.287261770924025e-08 -2.84319980540523e-09 -1.5363038505623674e-07 5.3598500397778764e-08 -6.580412715561725e-08 1.0650704571510101e-07 -1.770799557065852e-08 -3.109449860817902e-08
274 2740 0 0 0 1.8863680751094525e-08 4.8854230191408114e-08 -1.8017458573095526e-08 7.96300528646853e-09 -1.6802549216881066e-07 -1.278229639011812e-08 -3.377606601967132e-08 8.716026115443931e-08 6.554857130126233e-09 -2.618301415563918e-08
275 2750 0 0 0 4.5160928530399915e-08 3.773390581685318e-08 -2.2552787615195323e-08 2.243050430088095e-08 -1.1536914635959417e-07 1.162409628154549e-08 -5.148867004702826e-08 6.933809701849184e-08 -4.5641993534195186e-09 -1.0756969570933246e-08
276 2760 0 0 0 5.1552827829189027e-08 7.549625244753412e-08 -2.0942238832497273e-08 3.5034536613404723e-09 -6.541214773916065e-08 7.62964413978886e-11 -6.003027830756422e-08 5.615333050530828e-08 -3.076389441846176e-08 4.992903633421995e-08
277 2770 0 0 0 6.40835517016332e-08 7.039331273065228e-08 -2.7401093228402647e-08 3.1139265538567813e-09 -7.284216175150399e-08 -5.116401461473578e-09 -1.9487681661379574e-08 3.265663318775312e-08 -6.190283344537868e-08 3.5160473061484004e-09
278 2780 0 0 0 6.826444884728664e-08 7.582697686122584e-08 -2.3958422356307378e-08 2.6881379990275456e-08 -1.7890464814858506e-08 -2.6128664783104364e-08 -3.9282742065951804e-08 -3.806409444368998e-09 -6.161796093723484e-08 4.2161403107529855e-08
279 2790 0 0 0 7.290775973456371e-08 6.191986651311303e-08 -1.9383891814305945e-08 4.945278637148121e-08 -2.1584620698208377e-08 -2.654650000616424e-08 -6.08921113394663e-08 3.4197340143925345e-08 -8.61586740351609e-09 5.048979937509043e-08
280 2800 0 0 0 -1.796232792100307e-08 1.0727846323427579e-07 -1.2401788677161654e-09 5.318374902669202e-08 -4.733772269928331e-08 7.468837328304243e-09 -3.711740337167798e-08 4.459362646877426e-08 -6.488201107328436e-09 3.520667389194083e-08
281 2810 0 0 0 -1.853428032345829e-08 8.274842644987929e-08 7.2209371403929205e-09 2.5057110228231753e-08 -4.198654551383512e-08 5.1190704026802475e-08 -2.763717203391229e-08 5.816774460476841e-08 8.01097964389918e-09 2.5236513143946748e-08
282 2820 0 0 0 1.593575333395166e-08 8.47522586701643e-08 6.319780068653374e-09 4.232944075034343e-08 -1.2382241874796456e-08 2.702100252265606e-08 -4.0410904611184597e-08 6.352777659911853e-08 1.5269580917223235e-08 3.4266384278693726e-08
283 2830 0 0 0 1.813590953743259e-08 7.185417897561776e-08 5.158271867037326e-09 2.4491109341550716e-08 -5.231714892547545e-09 5.2083790015878715e-08 -4.082169616987956e-08 3.692474347987545e-08 1.7899061475863007e-09 3.1275838280090485e-08
284 2840 0 0 0 2.0592059208223342e-08 7.218155233785344e-08 8.312158341118693e-09 3.464679774257386e-08 -6.156148741796317e-09 2.4835672232431372e-08 -4.1450247235815944e-08 1.898629688658165e-08 1.4642670907988726e-09 3.27724505529386e-08
285 2850 0 0 0 7.078865020657886e-09 5.621211300189459e-08 -1.9106162648870216e-09 1.3786625027523183e-08 -5.77041758180886e-09 1.8664394532380123e-08 -3.093766071354681e-08 2.0146822635035756e-08 -4.8207239652231155e-09 1.3334234932280246e-08
286 2860 0 0 0 1.0864463418856205e-08 2.755844041491953e-08 -1.564599432757937e-08 5.810090471405383e-09 -2.333878099154934e-08 -4.77806146851373e-10 -2.9089850435329966e-08 8.794180769177304e-09 -1.9262050201511937e-08 3.729734840742639e-08
287 2870 0 0 0 7.92845621100523e-09 1.7610744320800046e-08 -1.2529877430891493e-08 7.448296326812507e-09 -3.752310021147286e-08 2.319477412232493e-08 -3.1763537237673806e-09 3.272791327647636e-08 1.2076401927712763e-09 4.003995537781798e-08
288 2880 0 0 0 2.1589392426966023e-08 3.1820608292736795e-08 -1.836047837072724e-08 -1.5759429807467883e-08 -3.412584550149882e-08 4.208396170536324e-08 -5.4100176950384425e-09 -1.621344734406503e-08 -2.345428934791859e-08 3.478667046865621e-08
289 2890 0 0 0 2.0892536958181995e-08 3.119760174878652e-08 -1.0370273802674213e-08 -1.2075404812099188e-08 -4.957234116281604e-08 3.834793285962541e-08 4.635104159590012e-09 -7.786370254382237e-09 -2.115583331283571e-08 1.088813017169029e-08
290 2900 0 0 0 2.7650366523488633e-09 1.7188230630319388e-08 9.623895103251196e-09 -1.0379852802470094e-08 -4.1787145179478346e-08 2.6442551930589257e-08 -1.9231413940566863e-09 -1.0628622132235712e-08 -2.6618367194837928e-08 7.071634904104061e-09
291 2910 0 0 0 1.2904076761879746e-08 5.407765227714914e-09 1.7615080050435556e-08 -1.0547325557934113e-08 -4.930036808490577e-08 2.1314807664578286e-08 -1.2291190428944001e-08 9.209892527332049e-09 -2.3831763494106342e-08 2.8379846009961723e-09
292 2920 0 0 0 1.4224658507459214e-08 3.96708108078088e-09 7.462279877806176e-09 -1.6223480175720297e-08 -4.7385472536924076e-08 2.383817162056311e-08 -1.4823768402993226e-08 -8.529702136335115e-09 3.807340771684448e-09 -3.1633186705904054e-10
293 2930 0 0 0 -8.055241808868026e-09 7.562806836821393e-09 1.2673748727434966e-08 -5.129289811391694e-09 -4.1665635685723606e-08 3.088901726204873e-08 -3.1053697250676576e-08 3.96997771098138e-09 2.125285776729325e-09 -5.624452155617151e-09
294 2940 0 0 0 5.81649580820291e-09 1.6578473457756073e-08 2.1123288730869253e-08 6.228877794192184e-10 -2.4324837249457842e-08 2.825810194685144e-08 -3.4591858596620604e-08 5.02896848348731e-10 -4.091631709378768e-09 -8.776888042722726e-09
295 2950 0 0 0 1.7027413188213623e-09 2.59974392963295e-08 6.926654384469104e-09 -8.473951446596035e-09 -1.7437703864650347e-08 8.191998027145736e-09 -2.784164333136651e-08 8.116216145741957e-09 -2.0809405762743105e-08 4.849800142600284e-09
296 2960 0 0 0 -8.527786685631994e-10 2.8602161858605325e-08 -3.9123522908382935e-09 -5.384403480371397e-09 -8.312279909574917e-09 -3.0941568062085644e-09 -1.7192836992545996e-08 5.045614007088646e-09 -1.2681481176393854e-08 9.939389807771899e-09
297 2970 0 0 0 2.643436058779431e-09 1.9780260838854645e-08 2.561809148665984e-09 -8.695722386725617e-09 -1.2839381292229044e-08 3.899822937578176e-09 -2.1655309065471154e-08 1.27783300935762e-08 -4.643730604672358e-09 1.5679847524299362e-09
298 2980 0 0 0 9.4139974948315e-09 1.4072814486944094e-08 1.2883080941258603e-09 -3.3802097258440805e-09 -1.6395260466270292e-08 -1.511400409965865e-09 -2.2444573387480337e-08 2.8768949374686508e-09 -7.863787483234141e-09 9.520633368770493e-09
299 2990 0 0 0 5.747211854524633e-09 1.6395574772902794e-08 5.509026839880841e-09 -3.256625474037078e-09 -7.284142018646413e-09 -1.4788370023540508e-08 -1.4501945246367552e-08 1.4694015264177437e-09 -6.011690332490516e-09 6.128775481502962e-09
300 3000 0 0 0 1.2509610709923048e-08 9.48551636133924e-09 -6.043725021949181e-09 2.2910881867241396e-09 2.015418749807777e-09 -1.822086252345167e-08 -3.2260137901825023e-09 5.510907876256877e-09 -1.078982835987015e-08 1.4429974670604798e-08
301 3010 0 0 0 2.5430709214085815e-08 7.321048814437361e-09 -2.7397003263897756e-09 -7.027869497601071e-09 -9.264629713687571e-09 -1.523023996036894e-08 9.614393045950244e-10 9.062992177494408e-10 -4.618453330539803e-09 1.497321252792994e-08
302 3020 0 0 0 2.5502799779035345e-08 8.64462953532467e-09 -6.4959445664015295e-09 1.3836186135777357e-09 -8.045298220735637e-09 4.984805805134511e-12 -3.762005776575167e-09 5.7916522745969565e-09 1.3078019858108306e-09 1.0716705375447863e-08
303 3030 0 0 0 1.7310032820344297e-08 2.0020301309436283e-08 -7.0875309380717004e-09 -6.044662646217079e-09 -8.226992268086398e-09 4.689264779395613e-09 -1.6826650494164315e-09 1.0833710873237458e-08 1.269088223557976e-10 1.0414201324557103e-08
304 3040 0 0 0 7.659781396871168e-09 2.1312378980045986e-08 -4.3960443122020086e-09 -4.022175036972838e-09 -1.467732997928381e-08 -6.356262408290178e-10 2.0718534166201578e-09 3.168256696955636e-09 4.029460856312259e-09 3.2419400525757892e-09
305 3050 0 0 0 7.58009828690466e-09 1.9452902817199577e-08 -3.576630057000806e-09 6.862552686724672e-11 -1.4422310605994285e-08 -6.585996358477841e-09 6.695511120864026e-09 -1.396123902364497e-09 4.407032314194569e-10 6.539950896937591e-09
306 3060 0 0 0 1.0089573594927104e-08 1.7341510880332708e-08 8.858108490785184e-10 1.1693645618466863e-09 -1.1056045308314397e-08 -1.900757509488083e-09 5.117537947979505e-09 6.06323077279154e-09 -1.5856717848095255e-09 4.439007639082776e-09
307 3070 0 0 0 6.948717975152682e-09 1.2948729927406389e-08 8.831306159726459e-10 6.5383296627008856e-09 -8.483170180980896e-09 6.1224564300114444e-09 -1.5887330936516778e-09 4.025423656870265e-09 5.065713565768944e-09 5.964846322357721e-09
308 3080 0 0 0 1.0400750713146979e-09 1.3586747388983197e-08 3.5970714625147525e-09 1.0247696750496817e-08 -4.834739674002385e-09 8.786641059014007e-09 1.343298694815711e-10 8.64668251146606e-09 1.733941342410112e-09 7.259179613071744e-09
309 3090 0 0 0 -1.7698538521489433e-10 1.7744564386035316e-08 3.86927765619013e-09 3.1682090703766864e-09 -4.643396366965125e-09 7.243734265021148e-09 -9.065207160711217e-09 1.112905568031837e-08 5.580647059893786e-09 -7.216852321116009e-10
310 3100 0 0 0 4.737896744620756e-09 1.4839426995787373e-08 2.9689220338868992e-09 6.735362341263486e-09 -2.930424449360987e-09 1.0745065941317699e-08 -5.80870963432544e-09 2.2098853785352747e-09 6.068315141386116e-09 4.435417685344875e-09
311 3110 0 0 0 5.4374952973410784e-09 1.642324365920726e-08 1.3083376719985205e-09 4.547454898096251e-10 -3.7449409354389254e-09 6.419453343366957e-09 -6.950212269331434e-09 5.430947085750806e-10 2.379100593877143e-09 3.405983631765344e-09
312 3120 0 0 0 7.751836736062265e-09 1.1513506374192466e-08 -2.6631772435393355e-09 1.2318345324622574e-09 9.976301134297955e-10 8.748518267759332e-09 -3.044068959621298e-09 1.3142476249435312e-09 -1.4374993568454724e-09 1.4066825206122125e-09
313 3130 0 0 0 9.211366393431532e-09 1.2176025603984053e-08 -3.5475789824214015e-09 2.5184550671664405e-09 -8.320234742048719e-10 9.630459378151154e-09 -3.799995553740371e-09 -7.601200603438273e-10 -1.5913751107578648e-09 1.1015538971883304e-09
314 3140 0 0 0 5.836474748515909e-09 6.643970338866253e-09 2.604807596190614e-10 1.4362706075246917e-09 -2.020823810839327e-09 7.769461122437494e-09 -3.662032214418297e-09 1.5849683309612934e-11 2.264747845554245e-09 -2.8974235564272877e-10
315 3150 0 0 0 7.1970633145561745e-09 3.183770813388879e-09 3.485353686923242e-09 -1.771798239410448e-09 -3.0150388807406273e-09 2.7749509222453906e-09 -2.3530351233081084e-10 -3.816981555890406e-10 -6.846702356994017e-10 5.97665269742217e-11
316 3160 0 0 0 2.8988485781956602e-09 6.013163131845991e-09 4.751622812975622e-09 -1.975309243681235e-09 -1.7005296008941136e-09 5.976606922541352e-10 5.575149991000296e-10 2.4579680242080525e-09 7.111606909806057e-10 -2.373925310420681e-09
317 3170 0 0 0 2.011012092028277e-09 2.78686155132695e-09 2.4795201906590627e-09 3.223875177426579e-10 1.672986592649471e-09 2.1746828125180665e-09 -4.4573009581887156e-10 -2.1974972615441515e-09 9.178327721620033e-10 -1.4888692952928132e-09
318 3180 0 0 0 7.201460811665794e-10 1.97025782616579e-09 4.18233850286246e-09 -1.1360891722654982e-09 1.0573571084146746e-09 -3.59700648978009e-09 -9.05227104801407e-11 -9.465702210338988e-10 -2.523334716463345e-09 2.548364317957044e-10
319 3190 0 0 0 -1.154025757945588e-09 3.027232724192686e-09 2.16955048784684e-09 1.4581542113688358e-09 8.415521029350121e-10 -1.1538429247084671e-09 -9.062025271452258e-11 -3.0325146331060244e-09 -3.192953090494482e-09 -3.011535272034844e-09
320 3200 0 0 0 5.015427579020301e-10 1.6145016797122811e-10 -3.188461939431583e-09 3.5443453162578894e-09 -7.28478478043107e-10 1.4653149095853153e-09 2.489299948521391e-09 -6.462459534523949e-10 1.534087106070616e-09 -2.5109900074987296e-09
321 3210 0 0 0 -5.480722877037206e-10 -3.4106552157822715e-09 -1.5044071052604171e-09 1.568349789443187e-09 -2.796532468836453e-10 -2.80736132378252e-09 2.8903831597179257e-09 8.176565961159205e-10 2.635844710974959e-09 -8.910360569030551e-10
322 3220 0 0 0 -6.946327710303072e-10 -1.4368301580103628e-10 -1.5224570081117459e-09 3.6558873288507e-10 -1.464653759474446e-09 -3.183455395289062e-09 5.750148809700346e-10 -2.440478252756854e-09 1.5996428006523026e-09 -2.4692150431326125e-09
323 3230 0 0 0 3.676062600577023e-11 -2.9319228606507565e-09 -2.669750312608243e-09 -1.1714170065587403e-09 -1.905239077858007e-09 6.015062453300827e-10 1.0647030481576688e-09 -1.6118917056458787e-09 -7.901145841303806e-10 -2.715304280446106e-09
324 3240 0 0 0 -3.434277638390727e-10 -1.18763779632107e-09 -1.0682735152347505e-09 3.030826538147793e-10 -2.0051611977939483e-09 -2.6627231073044426e-09 1.0724008652969876e-09 -7.020627790586607e-10 -2.773929173556328e-09 -1.3550150644197257e-09
325 3250 0 0 0 2.398360981151239e-09 -1.703647890868536e-09 -3.318458173628965e-09 1.158483068455011e-09 -2.1086797258377335e-09 -2.082451173612466e-09 2.720855983213222e-09 -2.210639013825866e-09 -2.2190413604156414e-09 -3.74279209463109e-10
326 3260 0 0 0 6.185653105301176e-11 -9.44784385680172e-10 -3.5159824322892877e-09 9.623088171810662e-10 -1.808950090224536e-09 -1.659913443146546e-09 1.8675827908817126e-09 9.948962825775853e-11 -1.3173381058742977e-09 -3.2790612642976573e-10
327 3270 0 0 0 1.1568832842612606e-09 -2.2526739093872487e-09 -1.3513142787945096e-09 -2.6402164203979983e-10 -1.2698272196808842e-09 -5.434637509473162e-10 2.9642198766264595e-10 -1.1262873490874787e-10 -6.199531485199992e-10 -2.0914373230028005e-10
328 3280 0 0 0 4.376000450171514e-10 -2.346806795762129e-09 -1.485127118307303e-09 7.795371875027366e-11 -1.6948002580186655e-09 5.886280240729969e-10 -7.950963260171047e-10 -3.1265870336601524e-11 -1.0698139334666813e-09 5.762233202072281e-10
329 3290 0 0 0 1.0462283797339266e-09 -7.098246732095218e-10 1.7182637317421996e-10 -3.053571322168887e-10 -5.637025334694938e-10 1.2264577875824768e-09 -1.4355146706993407e-11 -9.417103247228318e-10 -9.352295329744392e-10 1.0202014786569187e-09
330 3300 0 0 0 3.4889907975010206e-10 -8.681530859218397e-10 8.674483891300611e-10 -8.751221076232863e-10 1.1959606844296574e-09 1.6827590311487302e-09 -2.951207497053551e-10 -1.5073384339897528e-09 -3.5088506048093246e-11 9.049540038533805e-10
331 3310 0 0 0 6.536658292763467e-11 -7.949287770278118e-10 -3.1828717623245483e-10 -1.486283414370082e-09 9.235285030331392e-10 -6.27121826790437e-11 7.307053502449737e-10 -1.1058613643094141e-09 -9.113599996490677e-10 1.6962715593018082e-09
332 3320 0 0 0 -9.851279759655321e-11 -2.867879228982766e-10 -3.465027407862488e-12 -1.08633527405511e-09 1.3009547417590241e-09 5.71143322468147e-10 -5.34486597353477e-10 -1.677053530037015e-09 -6.027600448328085e-10 1.0205772176840376e-09
333 3330 0 0 0 -8.473024590232482e-10 1.8422716267592262e-10 -1.6519680159179907e-10 -2.530921024514441e-10 4.564678770988389e-10 -3.072285199700761e-11 -4.442246499788719e-10 -8.843823692125648e-11 -1.7177356793275895e-09 9.538816253338386e-10
334 3340 0 0 0 -2.061742499815569e-10 -5.692498530402163e-10 -5.349157780185644e-10 4.82760780655343e-10 4.6687817180811e-10 -6.296372649189365e-12 5.076749576206734e-10 9.245928041726049e-12 -2.220989165164449e-10 6.541566850188638e-10
335 3350 0 0 0 3.3216887012465057e-10 -2.809310250046549e-10 -7.512985997668876e-10 -4.1616606764251994e-10 4.814230430535037e-10 1.1629609621466876e-10 -7.440911404296756e-10 -8.165228795054788e-10 4.089710797246162e-10 9.498595645824052e-10
336 3360 0 0 0 7.601241135061282e-10 -1.0024587253737372e-09 4.689694340795898e-10 -9.107716537241046e-10 -4.864389920771512e-10 5.297478278039504e-10 -7.16071608372731e-10 1.0724019152649477e-10 5.389314211824086e-10 3.768135638432291e-10
337 3370 0 0 0 1.938680059333881e-10 -6.74659071936819e-10 -7.188808887221888e-10 5.168897399025265e-10 1.8432953794831585e-10 8.842736408882692e-10 4.638377988716902e-10 -8.597886922987301e-11 5.7150160394906616e-12 -2.0547502406524844e-10
338 3380 0 0 0 9.090700137525235e-11 -1.7692235842847876e-10 -4.1944294931432643e-10 -1.9559469487864244e-10 3.687760088152328e-10 3.9291564010577783e-10 3.7974589480609493e-10 -7.505645326899883e-10 -5.164636716824915e-10 -1.2496401716659023e-10
339 3390 0 0 0 5.746429814419841e-10 6.4975817523204275e-12 -4.556863360239934e-10 7.631760657615397e-12 5.155988183410467e-10 -1.705904629622196e-10 1.0242707744965405e-09 -3.713106332859185e-10 -3.0040475837736247e-10 6.89098712495057e-10
340 3400 0 0 0 1.0778624851553748e-10 1.9010314299582065e-10 -4.785047730836036e-10 -1.1300367813302128e-10 3.386597591333793e-10 -4.0327648829497847e-10 7.473733769461328e-10 -6.344523375663704e-10 -1.7471490127296026e-11 3.3722563173477285e-10
341 3410 0 0 0 -3.9334614885688965e-10 1.2584558798470768e-10 -2.6162984824623365e-10 -5.454648741224293e-10 -1.1860777648801792e-10 -3.5713509878775927e-10 4.975349546634538e-10 -5.507468004123812e-11 -1.7751377938309175e-10 4.1066065591846194e-10
342 3420 0 0 0 -3.1213892500123885e-10 -1.0611463801259314e-10 -1.2876293755489606e-10 -2.590719843106151e-10 1.2768575139612334e-10 3.117827372550654e-11 3.403404601635167e-10 2.5264164785763833e-10 -2.507750754321488e-11 3.6403743880669796e-10
343 3430 0 0 0 -9.992060609442613e-11 -5.5982579040507674e-11 -2.7011802195006047e-10 -1.593538210116325e-10 3.351360204510948e-10 3.316376752064312e-10 2.2341381470694122e-10 -7.071308686669249e-11 -1.0356245372719056e-10 5.862217759416594e-10
344 3440 0 0 0 -8.818239220268687e-11 1.1347860868693478e-10 -3.6457302175270796e-10 2.1115025449879202e-10 2.2944504576479297e-10 1.5064833811785858e-10 5.884689239661669e-10 -8.139241503863927e-11 -3.944040310876726e-10 2.640151149836575e-10
345 3450 0 0 0 8.694765664458319e-11 -5.215904139165799e-11 -4.5879253884748224e-10 3.841136817316235e-10 2.2998152216848586e-10 2.897480332557381e-10 1.6909656845069163e-10 1.2465647024703904e-10 -1.8842449136255633e-10 7.287216018896363e-10
346 3460 0 0 0 -4.444267111738492e-11 3.1638041650005273e-10 -2.481173425119216e-10 -1.4357479089762785e-10 9.958606867901914e-11 1.7718939534678746e-10 2.1461564081972303e-10 -1.9121263347060587e-10 1.7815139917786421e-10 6.268124559685068e-10
347 3470 0 0 0 -3.116721646213935e-10 1.2669331889602835e-10 -1.0873169032752741e-10 1.4449012410280695e-10 6.369800954993099e-11 2.1105630789598703e-10 3.408385263004597e-10 -5.656819970552064e-11 -3.815726614337135e-12 2.3069022219172464e-10
348 3480 0 0 0 -5.097379416063584e-10 4.6252373673190074e-11 -4.150956046005539e-12 -4.852346448339749e-11 5.1091009902949745e-11 2.7703949467395004e-10 3.4084532029006174e-10 3.6364495563692085e-11 -1.0220858118261937e-10 2.3152137591411966e-10
349 3490 0 0 0 -4.984753956177353e-10 3.1353866521279925e-12 -2.205006724598972e-12 1.1952521849634044e-10 6.369120263882464e-11 1.6077613355673983e-10 4.4155977628055893e-10 -1.0460563567178588e-10 4.309997524964623e-11 3.4775263838945545e-10
350 3500 0 0 0 -5.512128348233351e-10 -2.514360535508557e-11 2.3524420497398736e-10 -1.652167916362512e-11 -5.236974001036031e-11 2.560815597850372e-12 2.2614512353417695e-10 -1.4066088934474153e-10 -9.98040554348019e-11 3.1404640505458635e-10
351 3510 0 0 0 -5.486936002356975e-10 -1.998095311686604e-10 1.4677624330854407e-10 -7.792006770790742e-11 -3.282328822008164e-11 1.2042725200399015e-10 1.5246543938348745e-10 -2.7385046903781903e-10 -1.1863416999530471e-13 4.918890013664729e-10
352 3520 0 0 0 -3.876681523931286e-10 -3.105690167485731e-10 1.5160330370256097e-11 -1.3332629998897208e-10 -8.239878760458632e-11 1.4033151061630193e-10 1.992822385051389e-10 -2.914857099315998e-10 -4.1278160844187526e-11 4.2940345261101375e-10
353 3530 0 0 0 -4.0267257993738846e-10 -1.627088022178657e-10 -1.0057658860271941e-13 7.302803338150687e-11 -9.811601935174752e-11 2.76593614146028e-12 3.401584166473624e-10 -1.6859713658303052e-10 -1.7848691524533213e-12 1.904884663551572e-10
354 3540 0 0 0 -4.416766615765516e-10 -1.4145204111798725e-10 -3.1664795751019623e-12 -5.926602437061561e-11 -1.0338318283021196e-10 -2.4851875607716806e-10 3.647534182194152e-10 -1.22644460106541e-10 -4.967888043694146e-11 -1.0901649334500412e-12
355 3550 0 0 0 -2.654071413812768e-10 8.008264359649408e-11 -6.666094234685348e-11 -1.09276534077171e-10 -8.923871816310322e-11 -1.8453144176289044e-10 4.1931826592736044e-10 -2.3697779491407707e-11 3.502456482206889e-11 -2.0020891364383768e-11
356 3560 0 0 0 -1.9070671786334062e-10 6.38513322678816e-11 1.2986696537350295e-11 -6.859888964395726e-12 -5.972181360705121e-11 3.8133779968752955e-11 2.488368612385014e-10 -2.6957090654714844e-11 -2.1836095075088613e-11 -5.273384414293564e-11
357 3570 0 0 0 -1.8625057374522686e-10 3.2930868011949e-11 1.8656901012695852e-10 1.3409533658673877e-11 -3.118025730631124e-11 -7.83749774075194e-12 2.6846122104471555e-10 9.619716803696123e-11 -1.1840221994563246e-10 -1.7516285335970503e-10
358 3580 0 0 0 4.403037081150776e-11 8.897853951059068e-11 5.642355085009599e-11 -8.052888687925388e-11 -8.82787650316155e-11 3.9892593568159985e-11 2.721091841385192e-10 9.163299350474456e-11 -4.937694612197132e-12 -4.781885113717755e-11
359 3590 0 0 0 1.3221155665062648e-10 2.0675240239538053e-10 1.4749431515734556e-10 4.417406453206233e-12 -1.443225127150011e-10 1.322498605981137e-10 1.1335487209240181e-10 -6.026076396213778e-11 7.254438787750629e-11 -2.230827974842476e-11
360 3600 0 0 0 9.196746304218928e-11 2.0113733628551848e-10 4.4651715351497435e-11 -4.2128243435962124e-11 -1.2016702401366533e-10 1.3826935424963795e-11 -7.086011115084447e-11 -1.2397609722142613e-10 8.34689817873893e-11 1.5347921524256636e-10
361 3610 0 0 0 1.0726423510798191e-10 7.530575909130366e-11 5.305638952672367e-11 4.6136747895957144e-11 -1.6113044150386888e-10 -7.675993315634464e-11 6.707116406836367e-11 -6.097181751517972e-11 -1.565937512184653e-12 1.0182983742068801e-10
362 3620 0 0 0 1.1757786923484115e-10 5.4368738042721155e-11 3.581851363748339e-11 2.126954052334067e-11 -1.0287109461290869e-10 -2.8358309773696438e-11 9.128289336306724e-12 -1.7271828558205108e-11 2.9592858652997675e-11 6.14376134470627e-11
363 3630 0 0 0 3.278416858403262e-11 1.414041176486715e-10 3.458104439296588e-11 4.091801776184464e-12 -1.0749191612547305e-10 4.9483610394037524e-11 2.262753977746266e-11 6.870552300722215e-11 7.971274739335219e-12 1.1889139159915507e-10
364 3640 0 0 0 5.3081496434822246e-11 9.354831996729527e-11 9.455393005479991e-11 -4.496757817013562e-12 -1.366256980293407e-10 1.4905827257326613e-11 -3.922370401091471e-12 6.114123391323165e-11 5.475727321553766e-11 -1.873667813603824e-11
365 3650 0 0 0 8.30727036958355e-11 2.574972947104483e-11 2.928801330504219e-11 3.671429409683064e-11 -5.318616828554033e-11 -3.198251784669807e-11 -1.859807618916482e-11 2.7768044523008116e-11 1.1529375564069988e-11 4.5523825890047366e-11
366 3660 0 0 0 7.392335498317913e-11 4.981827115421119e-11 -3.509780133623088e-11 -4.2698744100464857e-11 -2.6748200679602485e-11 -9.967390114604831e-12 -5.294525169981798e-11 6.162573049372282e-11 1.319207582107155e-11 3.72396744236487e-11
367 3670 0 0 0 7.640960553505473e-11 -6.265781495868474e-11 -1.4373179452742e-11 -6.81302953555503e-11 -3.091207511665466e-11 4.004271340271165e-11 -8.016824062938691e-11 4.520948608902698e-11 9.121466232423447e-12 7.202869196869687e-11
368 3680 0 0 0 1.2464998335097204e-10 -5.4768076432688824e-11 6.237819729107571e-11 -1.115006799571735e-10 -4.664546697714897e-11 -2.2750006830603553e-11 -2.95399451580713e-11 1.0558038305688174e-11 -2.4876498219182555e-11 -5.013945110152676e-11
369 3690 0 0 0 8.929045527596477e-11 -5.4125539136255654e-11 9.816957094734919e-11 -7.844632712187298e-11 -1.9211631167211083e-11 -2.5106084800988387e-11 -6.588257096906065e-11 -9.642946940537976e-12 -8.558959254328244e-12 -7.254552044585718e-12
370 3700 0 0 0 6.145496596606178e-11 -3.8934896940706955e-11 2.8042568951332393e-11 -6.591018796695455e-11 3.013406561849286e-11 -4.703467909119391e-11 -7.411670041554592e-11 -3.5143127235615835e-11 -3.533628783043065e-11 7.477319105499118e-11
371 3710 0 0 0 3.109542453451987e-11 7.328190701559463e-13 2.458549539489072e-11 -4.7924933853229304e-11 -1.7010492454279884e-11 -3.3019553578279924e-11 -5.5818141615382814e-11 1.8435614316566975e-12 -2.349993485301943e-11 6.415151877586154e-11
372 3720 0 0 0 4.859948495142179e-11 -3.1999780368635736e-11 3.8131344411605766e-11 -3.367341701456131e-11 -3.301224132528653e-11 -3.398609032248813e-12 -3.1564037757382986e-12 -1.86215572795316e-12 -2.1899499182599162e-12 1.814437255425434e-11
373 3730 0 0 0 3.3510620851260226e-11 -1.4725906906272555e-11 3.298736577176604e-11 -4.952704561189885e-12 -9.330283712694774e-12 2.450218497319066e-13 1.0573529429301345e-11 3.605048991500571e-11 -1.7919196206897396e-11 8.714806874349387e-12
374 3740 0 0 0 3.0271781838160275e-11 -1.7479066307161534e-11 6.605726366916299e-11 -1.3746811800146121e-11 8.70520909562358e-12 -2.7822334640144162e-11 2.6847505571948603e-12 1.2934324937504585e-11 -1.1561787660332607e-11 3.254778674138472e-12
375 3750 0 0 0 3.3792434460812487e-11 -3.336632222729498e-11 4.064265577888802e-11 8.063679721354461e-12 1.8581331830781276e-11 -1.4436523529996253e-11 8.106781834178113e-12 1.1627371825126344e-11 -5.829539337479191e-13 2.831547232922305e-11
376 3760 0 0 0 3.040931336142515e-11 4.85788512934053e-13 5.7709757348240526e-11 -1.9746204202938833e-11 1.4958125748704485e-11 -2.4308662033995257e-11 1.9613351705280126e-11 1.0109304377358708e-11 8.313596297733157e-12 1.1872989523062274e-11
377 3770 0 0 0 2.5115036196804792e-11 -2.1064641136213644e-11 4.4384973430577786e-11 -2.3418897560517395e-11 5.352482542768186e-12 -2.771243829862273e-11 2.321154954795438e-11 4.165418546028281e-12 1.1242446900013558e-11 -1.1914241624513497e-11
378 3780 0 0 0 1.2729454125828027e-11 1.5400010307665783e-12 2.0409096551139927e-11 -4.9457336788445835e-12 2.0578713484285008e-11 -1.7883730619357715e-11 1.0064254823044035e-11 1.8720508646272145e-11 -3.824885112309424e-12 9.104871470478519e-12
379 3790 0 0 0 1.753748121957956e-12 1.1911229311882724e-11 1.4377396032423928e-11 -3.2290014282447017e-12 1.4496933455789504e-11 4.031761944723249e-13 2.877628845661407e-11 3.112169319357477e-11 1.3209438554745384e-11 9.804792195624305e-12
380 3800 0 0 0 1.7672945403583196e-12 1.6373245919098702e-11 6.991643924448422e-12 -6.046303016799937e-12 3.1400802894887844e-12 -2.8178213885707407e-12 -1.3688911755880944e-12 4.919902811461967e-12 -2.7581921059367726e-12 1.1638994452079903e-11
381 3810 0 0 0 2.5807729227689006e-12 2.043594007523164e-11 2.2678986033684794e-11 8.58614173539137e-12 3.329542023310914e-12 -5.9782904086673255e-12 1.2687766640729915e-11 -5.124415042790476e-12 -1.817836130517118e-11 -4.140188984943294e-14
382 3820 0 0 0 1.2558060743996267e-11 1.1368591393401748e-11 7.32158590853929e-12 1.15032730621003e-11 7.926249723786795e-13 3.969156372439525e-12 3.0838346373957927e-12 -2.3883027829019867e-11 -1.5380275490427656e-11 2.205417903491669e-11
383 3830 0 0 0 1.00363825077948e-11 9.904722663815593e-12 -8.541225961744762e-13 -7.0455308228967255e-12 -1.0341100323128468e-11 -6.461949403227592e-12 9.001372225251212e-12 -2.336223343181362e-11 2.490181276316301e-12 2.3637456105663813e-11
384 3840 0 0 0 -1.2386752312983267e-12 -1.4910519060913693e-11 6.431145068271926e-13 -2.5916161438882395e-12 9.870946049224963e-13 2.681212663318172e-12 1.6561944597677358e-11 -1.7505343856820022e-11 -2.5254918254945654e-12 8.367385182003854e-12
385 3850 0 0 0 -1.8960361968176293e-12 9.059580860965669e-13 -3.001230795761793e-12 -7.2465393748566045e-12 -5.072300587723195e-12 3.1806447197953905e-12 1.3145299552880435e-11 -1.2566568883738794e-11 -6.7275462601696745e-12 -8.936873287703448e-12
386 3860 0 0 0 3.4484294404061886e-12 -1.198661684453498e-12 -6.913786823375051e-12 4.493128063864557e-12 -8.4361418085788e-12 -7.679975093273653e-12 3.5943273046169e-13 -1.2731316682399031e-11 -7.696657242893653e-12 -2.8922561662379167e-12
387 3870 0 0 0 9.921199521327337e-12 -7.743392470414624e-12 -6.111386770894265e-12 1.6702537982112154e-11 -1.4087649412115589e-11 -5.703813043333955e-12 -5.4732304616220624e-12 -7.318464761621086e-12 -1.441223446500093e-11 -8.230022338029745e-12
388 3880 0 0 0 1.3601570900234353e-12 -6.222807157757807e-12 -6.401695610810035e-12 -6.439531924103801e-13 -1.2182060622039688e-11 -9.606560922915195e-12 -1.3972330588284093e-12 -2.0052774769301612e-12 2.678899029657538e-13 -5.003251888516851e-12
389 3890 0 0 0 -5.9882393118802845e-12 -2.6221512754028596e-12 3.707086427500372e-12 5.633056234938765e-12 1.977853194210617e-12 -7.479860220598547e-12 -1.5192574224594853e-12 1.4439093293402886e-12 -1.2234794443455406e-13 8.173266204471158e-12
390 3900 0 0 0 -5.411100982257411e-12 7.574484802731961e-12 1.1664449511628103e-11 4.8875141085677696e-12 1.4925522656438312e-12 1.1778869659955382e-12 -1.6731345523997398e-12 1.119649551616646e-11 5.995490490966593e-12 5.253926768144113e-12
391 3910 0 0 0 -1.0033049942363588e-11 -6.732781636674415e-12 1.0334056438428844e-12 2.7581720989585026e-12 7.956660821404948e-13 -1.1462841476265777e-11 4.42354130216497e-13 1.9116045692225532e-12 4.438966395045113e-13 8.631444762576695e-12
392 3920 0 0 0 -1.0620110618222274e-11 -6.2389103820557314e-12 8.326308830493e-12 -1.1018494879986795e-12 -3.3185666909332747e-13 -6.692653806094045e-12 3.3835466482833003e-12 3.3505876761891643e-13 -1.1392411732171192e-12 8.305805116132838e-12
393 3930 0 0 0 9.680376741312146e-13 -8.798198137128267e-12 2.9428320469784408e-12 4.813420172483977e-12 -3.925810222652132e-12 -3.5288828852156033e-12 -3.778407235572817e-12 -3.086218304399157e-12 4.689293006517291e-12 4.8918732786942065e-12
394 3940 0 0 0 -1.3484773918641335e-12 -2.0788176741789078e-13 5.717613906165364e-12 -9.276615624218332e-12 -2.2876895950138588e-12 -5.963711733040872e-13 4.164970390030651e-12 1.7978216474491243e-12 2.6243917970466204e-12 1.5559148433296979e-12
