% # columns="iter, evals, sigma, 0, fitness, xbest" seed=744655, Tue Feb 25 07:19:03 2020, <python>{}</python>
1 10 0.45164921941357866 0 130.30330997867438 0.5434027729848697 0.6267996134655127 0.10980577113422178 -4.0974460186030335 -3.943941319216476 0.8676995383838364 2.8847059886651776 -1.418547703294966 2.9056938739619596 2.904074922099886
2 20 0.39049538375241344 0 146.06951823131885 1.0718855594944163 1.216565357774039 0.030825080025775164 -4.774714127566922 -3.912683062999262 1.3034305973536733 3.1494544234087316 -2.027642223289164 2.362030438606852 3.435332027658342
3 30 0.378991386204758 0 111.17066777797854 0.9807547803083878 0.7734103302856551 -0.2325076515897167 -4.733464047180187 -3.9437087159406237 0.826804350021709 2.643774981811116 -2.0449509492110707 2.0429303310113416 2.0141172565572125
4 40 0.3466877250118841 0 121.82593687918526 1.2731131529061486 -0.2616060261924179 0.15233973606410484 -4.661149989143146 -4.239055846759288 0.98760728287233 2.9470200462614535 -1.0862267885554155 2.081317237814554 2.882032474049003
5 50 0.3444495419344274 0 126.81225213620445 1.270752685518783 0.1624733399221269 -0.2952556508856912 -4.987225728932899 -3.136827199515019 1.2018838242797474 3.010816741951266 -2.18087555653526 2.3343166723872586 2.9380027792103895
6 60 0.32249105148150614 0 116.74300236564054 1.1653102912892526 -0.17044031088936623 -0.12327936251022609 -4.989076806614267 -3.830814399564 1.023889967157152 2.3979087049248795 -2.1695870002820943 2.075292166951358 3.2042573896707536
7 70 0.31894144560251925 0 120.97712984876677 0.9341155127872658 -0.030761861712035047 -0.07590744917186226 -4.852381095633191 -3.777844341416498 1.768897146132114 2.7846036086063335 -1.8544750081347088 2.200169805876995 2.6839801571564665
8 80 0.2887766180380734 0 114.83195875209753 0.8775855159164102 -0.005497314381146451 -0.0028747993066321476 -5.050319934329477 -3.9279084347645905 1.158757789117019 2.3914113227988603 -2.0015673709612445 2.6457861319052496 2.848666930986797
9 90 0.27914626725675257 0 127.80052390096664 0.98951269379758 0.04641909814693296 -0.09965757322422784 -4.609677874284724 -4.012288311393309 1.176591812515276 2.1757058380565946 -1.9697459718933676 2.2874236427663224 3.4233932145125188
10 100 0.2699944017982763 0 111.20218498985345 1.214730441155717 -0.14378429936772946 0.22163317550124123 -4.758261246013903 -4.048783151982742 1.2491853117960399 2.1282429766005078 -1.8652989207689075 2.0894007542260637 2.9932344470625454
11 110 0.2595775142554504 0 116.78950377665035 1.0720917154896497 -0.11625287392217193 0.173293540579953 -4.851577802614072 -4.357962144217673 1.3505888315586803 2.134191365151977 -1.9466298366752264 2.0574448397691056 2.9772767568031164
12 120 0.24214608126744547 0 134.60218519344392 0.8596804355901093 0.060294183443280414 0.007803929120807657 -4.771439101762024 -4.236032361810115 1.2478648871456404 2.133201117525284 -2.274052725370446 1.9864507689002957 3.438007836438127
13 130 0.22869095567437564 0 121.62890610841858 0.6510854127260204 0.2702387888342581 -0.090215042700131 -4.907048500687984 -3.9462221744922097 1.0546003026287958 2.1695629219989048 -2.365236400647461 2.114263322097938 2.9154938435427358
14 140 0.20994148966720488 0 116.5715522068723 0.9770892903941033 -0.025575919790437884 0.08684361507892978 -4.59253702318058 -4.1018180334485725 1.4739807036488817 2.0856746507512622 -2.150738167902125 1.958405715314252 2.7970564190455045
15 150 0.17995632152670263 0 109.13795897276762 0.823658345316827 -0.030368562816826386 0.11575848750052577 -4.841808893599024 -4.0664388029474825 1.3424095386458328 1.9149327970971541 -2.241769451446024 1.9302766863834662 3.1363199332461216
16 160 0.16117083606916321 0 101.69277622964266 0.7111257804450228 -0.056270983828812446 0.24107018178569123 -5.0291532434224235 -3.941537403475107 1.1391267691462028 1.9057737643314647 -2.163087173369837 2.0238048990196353 2.832280978346223
17 170 0.14856667609933918 0 96.13693801349172 0.77706795426199 0.07896698136063818 -0.08562665451469272 -4.8992772037996595 -4.005373638497374 0.9599927429068679 2.338432989762282 -2.063912342564733 1.8708499449009375 2.9830505571870045
18 180 0.14024205509887724 0 88.28025054197738 0.8543753441568155 0.1140448208286116 0.10586088133376352 -4.896938820900788 -3.915536321189803 0.9864341398935291 2.199909884522368 -2.0618203284638006 2.164703934060695 2.9709295202944976
19 190 0.13093410706801523 0 79.48204091644408 1.0202499536768366 -0.10728910646520062 -0.028570036892192535 -4.809041627138374 -4.003038147406605 0.9279510885828844 1.8982822922967493 -1.9609399133270309 2.1704545006746425 2.9782820958533907
20 200 0.12627591024956844 0 80.10078667011656 1.1021904432025167 -0.0952746386111146 0.05958786734190105 -4.8144213140515815 -3.8590304114940954 0.8741562841654453 1.9924554739359106 -2.0563795856220217 1.9897926213055017 3.0612768777927752
21 210 0.12186499878386928 0 79.63417175369997 0.9878268113384197 -0.10257024889209572 -0.12782524638353776 -4.815966914958021 -4.03435180254197 0.9379744051971363 1.8543376081079779 -2.0082188957597986 1.922905178899176 2.910891124558816
22 220 0.11628488133227699 0 72.30171274158441 1.062801103867629 -0.029366728369628003 0.010319083849703904 -5.001852253697408 -4.082426148325093 0.9090378923347897 1.9983429251545386 -2.0895032468184462 2.0425110408747225 3.0698934870132857
23 230 0.10239960313978684 0 70.0640583031522 1.051739652927599 -0.035761521062818574 -0.022234972141577443 -4.929542756716676 -4.080257211130048 0.9261489267663979 2.0708892000103916 -1.9653474280676868 1.9713091090577617 3.041990700875663
24 240 0.08812914355166768 0 70.73994369639138 1.0303251595449987 0.031451559959653486 -0.025637482738830333 -4.867572036269815 -4.050472420083594 0.9279334061897797 2.0832508185456176 -1.9816854129044088 2.0041591740861864 2.9206431633985783
25 250 0.08010133726144254 0 69.56514583201711 0.932850884819503 0.04217441131473463 -0.00537095553725396 -4.926667676159818 -4.02133944058895 0.9050033132608999 2.027689437706779 -2.0784305683190123 2.0344242135286708 2.949889501172261
26 260 0.07823616939917194 0 68.51984516209157 0.9372189044220386 0.007896764913479156 -0.04820999224038058 -4.883438203677287 -3.9608012488613515 0.9283592036758739 1.956228531476484 -2.008834830463374 1.9461130304151433 3.039043003688343
27 270 0.08184416437708594 0 69.4952981505727 0.8759206701397102 0.006952530903615614 -0.019729146096014182 -5.012937821107206 -3.924788442247718 0.9496411045678121 1.9053579036455142 -1.9591732429090574 1.9944216044794414 3.0197688013839428
28 280 0.07832265810596273 0 69.93572063229176 1.003246323923621 -0.01145220497072457 0.032810074743744005 -5.004849382948551 -3.977464503721797 0.9455816700010009 1.897525231978927 -2.0176602056087014 1.9906946129584153 3.121655425940388
29 290 0.07132442326749062 0 68.80267861053885 1.0038428380402393 -0.054211764411808944 0.03667141636278158 -4.949050440680204 -3.9948238889096226 0.9113570118791406 1.9410486226001196 -1.9856653457396158 1.8816370282379573 2.9650191065376124
30 300 0.07103539569953485 0 67.84926504114631 1.0106856716133916 -0.0940915563857491 0.019460112286424323 -4.9484629351776945 -4.006065694957932 0.9580724530241095 1.9747067683198554 -1.9783850772683609 1.897465841022556 3.00814101434693
31 310 0.06550501937381228 0 65.5911572775004 1.0215170483926157 -0.026751913848743217 -0.015868433995415238 -5.00161620168807 -4.037877077948331 1.0147477656884285 2.045240746471789 -2.002781853402494 1.9748670267847686 2.9766899082182765
32 320 0.06035585355480306 0 66.00405291112531 1.020658615023473 -0.019747796373609183 -0.03048075003127177 -4.96201571797751 -4.008937211448269 1.0439877499201393 2.0044459845754536 -1.959627146679021 1.920673152154961 3.008767890598643
33 330 0.052907072591414646 0 65.5573288795801 0.9831621376347369 -0.0091939373078238 0.0007991757213278994 -5.000152937205724 -4.0027641278573824 1.009415211024833 2.051855462747914 -1.98119227343669 1.9425492305630463 2.9422903374359666
34 340 0.04927651371178711 0 65.63904052689205 0.9460375638831011 0.015104795515975995 0.006248866948888779 -4.925130062540596 -3.9445778100662316 0.9738296573503306 2.0157352985013435 -1.9921666524663684 1.9534620913888803 2.9492518309838
35 350 0.0479344974947588 0 65.08261480644276 0.9940303928967524 -0.038026360730393435 -0.016407893764157442 -4.955570806682516 -3.9172317754839177 0.9837399798304314 1.9759401779276686 -2.01041300862118 1.990531222815558 3.007450050844104
36 360 0.04628668909176752 0 65.99033592758423 0.9838698919580745 0.0004817680887062737 -0.033195479901425316 -4.966997890879791 -3.9593309341622236 0.9795408025356237 1.9709714275647725 -1.9075711939050708 1.997042102731868 3.0376602294559194
37 370 0.042551157471046784 0 65.3094851687622 0.9518141235561233 0.005783647574833177 -0.014110209733438496 -4.932250663311228 -3.946228814864513 0.9694187252846619 1.9698495837459922 -1.9426734884117773 1.983970196348724 2.9898361366338877
38 380 0.038695722498418454 0 64.83023333564161 0.9884585491223805 -0.0018841037768914312 0.004891656353999952 -4.923779424102754 -3.9533529940726932 0.9751195183100215 2.0058834050962466 -1.9503108538759486 2.0085629443693604 2.9891562542992043
39 390 0.035101879271848685 0 64.70864177431827 1.022588281274597 -0.019391268215762494 -0.012820538793161482 -4.959179359210605 -3.9623651502535164 1.0056838846588512 1.991373241398086 -1.9419484458279603 2.016321722340524 3.001727556742009
40 400 0.03283722702350086 0 64.44039605485818 1.031734749467717 0.00044726071419115034 -0.01584484873276128 -4.984640426395408 -3.987219229170447 1.0084375609193794 2.01116105463142 -1.9627665506796752 1.9871051152678003 2.957798026126029
41 410 0.03203118505191237 0 64.9972283046623 1.0057087608692068 0.024811170285197207 -0.0075329445850395175 -4.9429392786361985 -3.984555341519203 1.0198459625853284 2.024057907981616 -1.9418661534556902 2.013932146260074 2.9695569227298106
42 420 0.03168229858998434 0 64.47904639180261 1.000684661176947 0.028642148747908294 -0.018465962261258902 -4.9683253648758585 -3.9788695378875194 0.9784866400881929 2.004103504793837 -1.994307132466295 2.027668131461482 2.9547159008542194
43 430 0.029495752764551977 0 64.46792961772714 1.0285568928474134 0.017788588417918527 0.025182557323330548 -4.96644924186938 -3.9684474501700513 1.009901994207839 2.014936172616171 -1.985007472237269 1.9792512727519411 2.957648973529073
44 440 0.028539566311547297 0 64.46830320048682 0.9873133545518978 0.018250358110767573 0.005544534520271567 -4.974748685554806 -3.96302357358282 0.9716682397756631 2.023800301145924 -2.0055765453663654 1.9655981524370312 2.956926591051111
45 450 0.026499508670520762 0 64.17675730452095 1.000872610978186 0.019855508844400547 0.011858782892007293 -4.954344552677022 -3.980842152880413 1.0006582881305004 2.015802187808892 -1.9911040374016986 2.0105170121191582 3.005254561268515
46 460 0.02332836575111744 0 63.89295306435488 0.9939219603586787 0.005153487082562422 -0.009282447117278509 -4.958934144851078 -3.9732844212204466 1.0065875233779271 1.9837453425806901 -1.9834963988420564 1.9894063862960927 2.962948928973217
47 470 0.021117355505977313 0 64.03961903506055 1.0116088668788532 -0.002145394526841562 0.01110574114748 -4.9485603607333575 -3.9829152598745354 1.0072928948344417 1.9987709232480713 -1.9851779350257226 2.011116377070315 2.991506325423111
48 480 0.017753994867973785 0 63.82882738000461 0.9968436541537978 0.007836956330404899 -0.015901004022875222 -4.969832412337012 -3.9786129200481977 1.0020977130537378 2.0083543212225314 -1.986672640179267 1.9856594917419408 2.982895453919441
49 490 0.01640790673850342 0 63.82181020368719 0.9940785985849442 -0.00027937564372071313 -0.0017141357194595164 -4.963694465848998 -3.982719490187857 1.0000442258205855 1.9772936372997716 -1.970614610894532 1.9928095697465549 2.978863851277171
50 500 0.015432111591568204 0 63.773153936773774 0.9875519581639784 0.010465970256686993 -0.0022357949739242556 -4.969586624175895 -3.975643308054183 1.005741075891578 1.981674329271435 -1.9988696377743973 1.9926327863402415 2.9836749286598043
51 510 0.013907589231288564 0 63.77424921598871 0.9966883013163959 0.009459585716115751 0.0008767389116190153 -4.96700455882041 -3.9695118693506712 0.9954581114403374 1.9776935685127532 -1.9838246050730608 1.9845939711923746 2.9803207689972138
52 520 0.01322668601542991 0 63.8031983603631 0.9907144007705412 0.008474920716426334 0.012216558873024846 -4.970749711241929 -3.9752386472447014 1.005111643717469 1.99304077809838 -1.9986802058601976 1.980360566474476 2.975831560966856
53 530 0.012502402513451576 0 63.778642753420996 1.0029907798386615 0.015202012264966296 -0.002917953736869502 -4.972051444080237 -3.969575423662877 1.0006231462846813 1.9936210643901178 -1.9833522028255663 1.987122756811546 2.983412127845123
54 540 0.011258420306605678 0 63.76607617852062 0.987259017272293 0.0012351360461396324 -0.0009061160966327034 -4.9702151570448025 -3.9677790576535603 0.991720749640858 1.9901874726943742 -1.9794835588085877 1.9896342668742713 2.9745067098416933
55 550 0.010260357386884553 0 63.748138236298956 0.9994413989339946 -0.0014671203290737437 -0.006566012852643417 -4.965504232267994 -3.9813068874075586 1.0006653697946233 1.9824864136645304 -1.9812284009741645 1.9963446231405468 2.986848954500993
56 560 0.009848492521222725 0 63.76699201685837 1.0018536255437105 0.016627313944364827 -0.001381633637652417 -4.969748157033569 -3.9770233314835157 0.9939150508810923 1.9877669946722194 -1.9894316407830646 1.998985036028509 2.9877376641828546
57 570 0.008786536300411096 0 63.757545293024236 0.998116337124959 0.01291308018757692 -7.551673281188501e-06 -4.966759665179745 -3.9730133845798132 0.9911506848147862 1.9832896218018803 -1.9826322520568191 1.9924429467543021 2.982682680670841
58 580 0.008124117226615957 0 63.75183517575885 0.9919112936654785 0.008347728999394125 0.0014742682299724802 -4.964905140747572 -3.9811612874844586 0.9988007890343423 1.9993111244505455 -1.982687451622076 1.9946718795379201 2.9801079954560397
59 590 0.007487683159033278 0 63.728326612049166 0.9977796665480932 0.007564513327157218 0.0007684769768346311 -4.97417639916207 -3.974281744358456 0.9932275054884908 1.9897137391879718 -1.9782830392809354 1.9943869063769573 2.9825951649325173
60 600 0.007451116888771603 0 63.68983131193599 0.9941614535987382 0.0012718391746941934 0.0010231745232135688 -4.974956945681205 -3.9791349319381 0.9951637828323439 1.983146340159734 -1.9869335887409403 1.9874004476490421 2.9844462399845892
61 610 0.008186179094140983 0 63.697412520754675 0.9884858368506254 -0.002417305199617697 0.0011525830551844878 -4.977884315752507 -3.974799621304718 0.9962585102546883 1.989007667933669 -1.9876290656921127 1.9888717434719503 2.9881016988043485
62 620 0.008665733529401079 0 63.720794920245574 0.9960133739139508 0.00214768479160777 0.000770462681164201 -4.978012798260109 -3.9856415520837847 0.9960350915850175 1.999742939179051 -1.9846290753853069 1.9866242168014845 2.99062947662221
63 630 0.00834276116504234 0 63.71224836710097 0.9948204337506295 -0.001617504258472137 -0.007194812050132128 -4.977086933035064 -3.973182463377709 0.998119645925499 1.990839959960982 -1.9820788672185725 1.989125463876225 2.986249334856972
64 640 0.008178697389422798 0 63.72710142343653 0.9983020669193327 0.002068590542185228 -0.006761525115900812 -4.974386576463448 -3.978654030237577 1.003244117988652 1.9941987926863876 -1.9799372074171522 1.9889363498623491 2.98310692102639
65 650 0.007672530213294151 0 63.70558451608087 0.996471138709143 -0.00014883924302620919 -0.006267722424620304 -4.98032982339139 -3.9770284362516017 0.9996467897050545 1.9939492979544429 -1.9889388717414156 1.9850095053703087 2.984177409960375
66 660 0.0073267111145789475 0 63.72003641200059 0.9958015441980149 0.008554431303951957 -0.003485218580987045 -4.973755390999659 -3.978829868624558 1.0029164723025166 1.989543726324137 -1.9915397749139312 1.9900631962159574 2.9768854292765616
67 670 0.006750426975739099 0 63.719683379687744 0.9920876243068957 0.006462978502628108 -0.004517289609923424 -4.978224660511176 -3.9729511722461046 1.001174792954906 1.9895817542419298 -1.9864628406009381 1.9892069990015797 2.9789075343049296
68 680 0.006232977122145441 0 63.700609685518764 0.9899972495337455 -0.00166609600314057 0.0024560002446216158 -4.9732632605105485 -3.974671481182927 0.9951093126581613 1.9872799986173972 -1.990184638758483 1.9876391987597997 2.978079565821802
69 690 0.0059213851146108125 0 63.688215359159315 0.9902028436506101 0.0010853449747800744 0.0008323035202348293 -4.975426657651636 -3.976705033096207 0.9971290055404844 1.9880016035592356 -1.992938269113549 1.991719505856423 2.9860761054868097
70 700 0.005609766346333391 0 63.68549300554824 0.9981575470584068 -0.0023620145810071503 -0.000177150568819295 -4.976055847479376 -3.9767925272601325 0.9964529949942366 1.9867905111934931 -1.9884770122542417 1.9892704610977663 2.9834582599054436
71 710 0.005092674007897364 0 63.692731217845264 0.9976278620330772 0.00026177320435775975 -0.000364368568816025 -4.974684276161844 -3.976072730968621 0.9998512473171823 1.9900337459072028 -1.9872362282886769 1.9894962611317526 2.9796293056356262
72 720 0.004676854402125351 0 63.6890804345736 0.9946104972127595 0.0013388063638084392 -0.000597191649779979 -4.9720329067221885 -3.979638913639066 0.9994210838666953 1.9888152118462685 -1.9902595511497119 1.9911217551259062 2.97945137654152
73 730 0.00417392290343123 0 63.68947104482571 0.9968334233148012 0.001518310747481595 -0.0015308820167950577 -4.975422425174993 -3.976921363129998 0.9994088277932605 1.99246371327502 -1.9890509124197695 1.986289701445707 2.982395291895822
74 740 0.0038377252075871096 0 63.685583205925006 0.9959353767378714 0.0024091265490013007 -0.003814431064583476 -4.975188698655199 -3.978034798754555 0.9969814768290031 1.991570878592045 -1.989971430895821 1.9888611299683454 2.981554728692074
75 750 0.0035386182537412705 0 63.686169583679884 0.996012007044945 0.0028581549778101223 0.0007772495124152708 -4.9779200113210385 -3.9810657759409573 0.9974920625773936 1.9915811603083042 -1.9935315181154258 1.9891442979760876 2.9835712801543215
76 760 0.0031846141123133076 0 63.6797345441175 0.994707921554716 -0.00023473747149567806 -0.0007884457800264791 -4.977828586625823 -3.980634011442932 0.9955986641918411 1.9900188631111426 -1.990582091287372 1.9885681050884851 2.984683029101807
77 770 0.003199435649297972 0 63.679251785173555 0.9969053164081303 -0.001936879810925406 0.00012767134429648552 -4.975699562311271 -3.980313506425088 0.9956684769291375 1.9907030644758377 -1.9903114960968606 1.9904428976433715 2.9858809100126584
78 780 0.0030484474390050915 0 63.67970372458787 0.9945657902593596 -0.0014773457588392552 -0.0007064306434052615 -4.976501845633899 -3.9804011827351164 0.9945224886139309 1.9907559525143723 -1.9923014558383279 1.9904760622360693 2.984252897682013
79 790 0.0029304842300633513 0 63.679373413957045 0.9962757945491509 -0.0006057987073127801 -0.0013554394282621575 -4.9747418281955635 -3.9812102215169194 0.9940044938673468 1.9903336764372488 -1.9903410047426469 1.992111224967378 2.9847654741046235
80 800 0.002845452666130044 0 63.68095843533145 0.9945758520696465 0.002028377966626857 0.00171039994080446 -4.973587200871404 -3.978981500847334 0.9932253425650341 1.9921669422763362 -1.9911051483140887 1.9909268623707033 2.98414578828287
81 810 0.0026848373874693568 0 63.680975277325786 0.9972887879663509 0.000450543515641776 0.0009276982396378965 -4.976876296954845 -3.978440363032115 0.9938437719686469 1.9899536067536887 -1.9911616162577794 1.9916644830640788 2.983723976466074
82 820 0.002412102804302662 0 63.67963930530976 0.9953849785626718 0.001053846701964478 -0.0011248872250765405 -4.9738166837049045 -3.97942351287151 0.9940339297226488 1.9926800757492997 -1.9908954517038329 1.9902536395638057 2.9842376483577904
83 830 0.002219162811591292 0 63.67893581235152 0.9952187807300255 0.000843944957933817 0.0007813382651292971 -4.975198785898074 -3.978469876324233 0.995031618732969 1.988474691241097 -1.9917267376856922 1.9907012032962281 2.9841272928264075
84 840 0.0019921698599203548 0 63.679391606606345 0.9960284973253412 -0.001745183340800621 0.0017261935731884429 -4.9758168825309275 -3.9790152818943647 0.9938721102817137 1.9887354749160424 -1.9901717747971936 1.9896826322006056 2.985542344159697
85 850 0.001793353760158504 0 63.67783529643778 0.9950568990673274 0.00017969673656136937 0.0012861703576668247 -4.975320312803242 -3.979484216031423 0.994398587299678 1.9891008047711947 -1.9905879505171822 1.9907231978012445 2.9850893366015576
86 860 0.0016441892973654846 0 63.67781629074502 0.9954124472557293 -0.0007520031137033352 0.0003341483659220007 -4.974665026200767 -3.980370510938959 0.994760716149033 1.9884207350505907 -1.989356917081165 1.9904338648869795 2.9852487485331394
87 870 0.0014815087283937657 0 63.677526063402816 0.9956883894173469 -0.00013527918320091768 0.0012127091363639813 -4.974905244193892 -3.9791593037891024 0.9949432258568405 1.9895416441822862 -1.9895635395333462 1.9899572220630244 2.985056751409639
88 880 0.001453047040910878 0 63.67824260290955 0.9961505674827019 0.0006198714313016666 0.0002822390748986333 -4.975316807052191 -3.9797894355310763 0.9949723406824356 1.9891397155337822 -1.988266756348256 1.9899935469073775 2.983963839982642
89 890 0.0013569831699253678 0 63.677851912912665 0.9959881332584063 -0.00023392171527912553 0.0004578829417330348 -4.975273307235594 -3.9794758793322256 0.9957546467467115 1.9890395279467419 -1.9889719831444135 1.9905141340726338 2.9847706126077482
90 900 0.0012810944661746037 0 63.677842410789225 0.9955520567912383 0.0010086934896066453 0.0004420585553213136 -4.97556378728516 -3.9790838912338766 0.9956368435734432 1.989278317435539 -1.9893391673077951 1.9896708483025751 2.984307105015387
91 910 0.001193097882135562 0 63.6775835919661 0.9954502922457018 8.076672790889442e-05 0.0011180075296902767 -4.975251908530841 -3.9797186937321376 0.9950604052544048 1.9892418110127088 -1.98928866228632 1.9899965668395045 2.985471523089151
92 920 0.0010396804508873714 0 63.677310621796266 0.9952659558197415 -0.00029595193456816296 0.00013638656568730804 -4.9756050226460715 -3.9798144949452077 0.9950298185036589 1.9895424433997466 -1.9896490591613476 1.990068849158769 2.9854951512175743
93 930 0.0009423406515084 0 63.67717373235732 0.9955171809257674 -0.00028377590376119934 0.00047892653229582294 -4.974973073845004 -3.9796776352230725 0.9950670959847185 1.9895293772795777 -1.9898158076424208 1.9898970834793412 2.9845396450867905
94 940 0.0009267941065874411 0 63.67724697547232 0.9948048121231883 -2.6225561907793895e-07 0.00043760907943648765 -4.975272426415519 -3.9798026382542746 0.9957255849249295 1.990363672428226 -1.9898515739419633 1.9899121860559927 2.984914918815843
95 950 0.000845349509107166 0 63.67728826371925 0.995400593482593 1.2819185804550308e-06 0.0005615975800893972 -4.975276747288402 -3.979863844435614 0.9947667440117163 1.990052533753939 -1.990187623262367 1.9906471920881277 2.985026074866532
96 960 0.000838849192442698 0 63.67725045985935 0.9946879140595772 -0.00044306199705226943 1.100983958982624e-05 -4.974821341687664 -3.97903728233067 0.9949736183673685 1.9897711761643289 -1.9892694165683686 1.989763634572401 2.985123460229904
97 970 0.0008122455670312305 0 63.677140115972165 0.9947128876588436 -0.0002564422154545962 0.00032542096370127014 -4.974889966342258 -3.979495141691129 0.9949077931725422 1.990424018101265 -1.98959385331484 1.9896447379587945 2.9849923693919114
98 980 0.0007641288138483074 0 63.677183517171684 0.9949261789963377 0.00030000100051205344 0.0004506082304337467 -4.974511306920212 -3.9791957128667232 0.9947146580200154 1.9900725751903576 -1.9894089802049213 1.989988218765997 2.9849772384353743
99 990 0.0007058569491623758 0 63.67718532786962 0.9950756537394638 0.0003983911903141401 0.0002670003231894959 -4.9745909009282245 -3.979479502999279 0.9944227910474224 1.9903597978398118 -1.9894862893858511 1.9899479055368647 2.9850041157200313
100 1000 0.0006470990996036038 0 63.677112487524894 0.9949358616766332 0.0005345988337540117 0.0002743947357900662 -4.974717505007063 -3.9794396779991983 0.9950015542970577 1.9896550047330444 -1.9895712255835285 1.98983722018223 2.984840505297853
101 1010 0.0005998224159365435 0 63.67704860798681 0.9948346963520697 0.00021131699857096048 0.00035861218820221305 -4.974764629853355 -3.979719278521666 0.9947989025883311 1.9900730008288456 -1.989803284882904 1.9897794765996162 2.9851185556219146
102 1020 0.0005482131086324156 0 63.677105294929966 0.9950297351924289 0.0001283916770723812 0.00033691382554235354 -4.974945410757209 -3.979575754394371 0.994778463435775 1.9900088121338275 -1.990121075316509 1.9898426745016766 2.9854059592900666
103 1030 0.0004996609133386078 0 63.67706567749107 0.9950648329486 -0.00021032761576052355 0.0005030663658522746 -4.974861353262565 -3.9797091201112456 0.99498183074572 1.989938503946575 -1.9900189909775505 1.9896371948124836 2.984909260858003
104 1040 0.000481332224005504 0 63.677061353361566 0.9947897768482544 -0.00019736704872684685 0.0003555715947837985 -4.974904080553432 -3.979986396162422 0.9949602273446744 1.9898882625160423 -1.9900781410340262 1.9896160646333565 2.98498626623091
105 1050 0.0004565755147151329 0 63.677010450975715 0.9948108744313745 0.00022045874832299776 9.069557088465285e-05 -4.97461230522928 -3.979864933664545 0.9951046259890186 1.9900322079724695 -1.9899283523168905 1.9897455257589498 2.984840760293947
106 1060 0.0004564700122906973 0 63.677037238333 0.9948656479341603 0.0002045730236980634 7.188954624730108e-06 -4.974779708514088 -3.97976996307912 0.9950954953943334 1.9900667582332294 -1.9901570938927728 1.9897510285916646 2.9845332650793663
107 1070 0.00042643165350652766 0 63.67701298633211 0.9947928503811385 0.00016218549423184373 2.1985535758898224e-05 -4.974707072936289 -3.9797654225904453 0.9950470656621476 1.990059030390145 -1.98969076548936 1.9897456437127905 2.984940771616378
108 1080 0.0004263601816940279 0 63.67701958752093 0.9949576781376278 0.00010407826994032045 -8.800583534157985e-05 -4.974714873600832 -3.979872382163618 0.9953288908408053 1.989821022618607 -1.9899459874553105 1.9899760154698325 2.984700864190101
109 1090 0.00038614208720943083 0 63.677012448050824 0.9948659304450435 -7.965795646059436e-05 0.00012082383341728182 -4.974676622232554 -3.9797341855948107 0.9952264043479632 1.989811518479359 -1.989796175572897 1.989943190140251 2.985048261060022
110 1100 0.00036124622018144276 0 63.67701066530357 0.9950548493082101 0.00023059331924841519 0.00011462478756074995 -4.974749880666127 -3.9796038456118277 0.9949224946975911 1.9899198657821777 -1.989735968036895 1.9898093179213756 2.984903601714098
111 1110 0.0003230292728424076 0 63.676993452085014 0.9950075339648294 0.00014089799965921903 7.567474090038539e-05 -4.9745822249247045 -3.979723190944074 0.9949785279122523 1.9899369901581012 -1.9897926878712082 1.9899221102537519 2.9849598289113843
112 1120 0.00028065024753770774 0 63.67700176340176 0.9950233039873624 0.0001541547720407001 -0.00011619299567857168 -4.974796651524743 -3.979690247537358 0.995030888802502 1.9901118528101822 -1.9899053046668174 1.9899490936845239 2.984792531621483
113 1130 0.0002592520864742511 0 63.67699169000262 0.9949258856625215 -4.4987800677183e-05 0.00019093843715516678 -4.974779561313174 -3.979779039826337 0.9950312496276519 1.9898429707498249 -1.989934183020869 1.9899546918994364 2.9848885660538986
114 1140 0.00023997252570299077 0 63.6769939635809 0.9948083585002996 4.496969298094943e-05 -9.639523998121024e-06 -4.974668565037209 -3.979752069831533 0.9950274874432509 1.9898797954498941 -1.9898624393723239 1.98999677237156 2.9850308105138748
115 1150 0.00022438827602282567 0 63.67698819957873 0.9949582732825629 1.9374454318039082e-05 -3.243003871869678e-05 -4.974776467117457 -3.9797161700156445 0.9950492573222699 1.9899240257905837 -1.9898584858248265 1.9898606934401883 2.984982761226491
116 1160 0.00021027153447935758 0 63.67699476197955 0.994863788674147 8.31119990105821e-05 -0.0001273846689420933 -4.974795113496358 -3.979714323770717 0.99503415359525 1.9898502523070658 -1.9898345519748695 1.990026540336904 2.984858490277587
117 1170 0.00019591521785227147 0 63.676993944867164 0.9948913740355672 -1.3753988169655642e-05 -1.7279046924858498e-05 -4.974801176078629 -3.9796838325611357 0.9949986727634363 1.9898808067831841 -1.9897432247026663 1.9900279145207118 2.9848283383352543
118 1180 0.0001781926186846221 0 63.67699218329559 0.9948447087940729 2.236684348149543e-05 2.5178832089021182e-05 -4.974786371052322 -3.9796786663895802 0.9950148003420612 1.9897617698656385 -1.9898763301440274 1.989875795718204 2.98488408630082
119 1190 0.00015994626595794258 0 63.676984092998204 0.994870783949224 1.7553374417396267e-05 1.279720718941147e-05 -4.974759288669909 -3.9797520487246834 0.9950058677698403 1.9898460483494191 -1.9899084542976482 1.9899562096318262 2.984864948394682
120 1200 0.00016101361142800572 0 63.67698665486681 0.9948883480873687 -5.626127176966419e-05 4.569372565056911e-05 -4.974770023296165 -3.9797900351109305 0.995055902366514 1.98989119872837 -1.9899138316751697 1.990007413246572 2.9848589434422115
121 1210 0.00015818727660890815 0 63.67698539261739 0.9949361606267672 2.359334503390536e-05 1.24683803442058e-06 -4.97480703623405 -3.979840855168843 0.9950072728563386 1.9898716815695612 -1.9898405687504905 1.989956001585296 2.984835930658862
122 1220 0.0001522408019008022 0 63.67698521539313 0.9950130378347429 3.183881322709904e-05 6.0202584493704613e-05 -4.974702348070149 -3.979795075516842 0.9949843342914061 1.9898381171278765 -1.9898069235110754 1.989958160085609 2.984885367401619
123 1230 0.0001479910283065639 0 63.6769846632835 0.9950032052799088 7.882077232125852e-05 -4.8255591557289195e-06 -4.974720304222536 -3.9798439404982653 0.9949266609118834 1.9899381853748521 -1.9898436733716367 1.9899614601023874 2.9849176181604453
124 1240 0.00013855276822493555 0 63.67698290664076 0.9949109934670933 1.9279643812289033e-05 -1.3703172689295637e-05 -4.974689907543782 -3.9797884665618524 0.9949597860994825 1.9899856846889596 -1.9898995922381868 1.9899992903290629 2.984834849088147
125 1250 0.00014520573844581047 0 63.67698251555881 0.9950255812019705 -1.2934850605226657e-05 -1.4541873093376246e-05 -4.974754218651909 -3.979807365752913 0.9949541522958711 1.9899362569230512 -1.9899707825691204 1.9899424720305874 2.984869456261175
126 1260 0.00015324453600921067 0 63.676982770194236 0.9950267650352457 -3.3666632724313324e-05 -3.681446948457911e-05 -4.974713147558341 -3.9798279351176027 0.9949530853669345 1.989861424207922 -1.9899482948191682 1.9899511686307323 2.984827973879447
127 1270 0.00015636938489072246 0 63.676984148106605 0.994978314679155 3.673457232216724e-05 2.1245631123421256e-05 -4.974711258345218 -3.979718591434572 0.9948817703147883 1.9898981936261206 -1.9900060890153795 1.9898934508451727 2.984831113631392
128 1280 0.00015224778973115468 0 63.67698288542264 0.9950261660182791 5.785001293304771e-05 2.848435217034277e-05 -4.974678726125437 -3.9798017029950445 0.994904214118605 1.9899156856659257 -1.9899666491137498 1.9898860063876982 2.984877713929426
129 1290 0.00014039063099463334 0 63.67698292812 0.9949946024909609 9.03922365206786e-05 1.404473714205977e-05 -4.9747017443349835 -3.9797483467454464 0.9949307659313101 1.9899552450215352 -1.9899337612083177 1.9898697821841327 2.984831150183217
130 1300 0.0001262991203028662 0 63.67698227633211 0.9949726635823554 2.4932062480814574e-05 -6.642421280747378e-05 -4.974692207272728 -3.979778267434405 0.9949486565550614 1.9898822805192904 -1.989981483016557 1.989924114939114 2.9848105176236976
131 1310 0.0001168387908347171 0 63.67698165481365 0.9949783074182947 1.5782763350555898e-05 -6.288965283328372e-05 -4.974703755117628 -3.979771999683771 0.9950030267317554 1.9898979236815295 -1.989946888629957 1.9899515137466826 2.9848386382504315
132 1320 0.00010687792629782992 0 63.67698134174954 0.9950045838851903 -5.689985045196574e-06 1.8844118953362288e-05 -4.974669773764065 -3.9797190025657465 0.9949788611482288 1.989924008821416 -1.9899252542629482 1.989891231071257 2.984840930354111
133 1330 9.53317432549445e-05 0 63.67698126993056 0.9950017941900509 2.7409780596290346e-05 2.060512217399352e-05 -4.974696432494356 -3.9797681140063172 0.9949545667655229 1.9899265142094291 -1.9899790882036037 1.9899013143246018 2.9848616492161772
134 1340 8.300633905099801e-05 0 63.676980422124004 0.9949655656627198 1.722459828135019e-05 -1.1378463683295558e-05 -4.974719899330593 -3.979780680952998 0.9949908585501261 1.9899111029168197 -1.989943418842626 1.9898977892601135 2.984836537222642
135 1350 7.863415748164127e-05 0 63.67698050057251 0.9949610801081014 -7.4527556662471625e-06 2.5442676548833847e-05 -4.97469339322933 -3.9797594258584805 0.9949953691841412 1.9899398415114986 -1.98993792466391 1.9899010806308726 2.9848474148184674
136 1360 7.399386682208456e-05 0 63.67698034529946 0.9949575768355874 -1.2699059017927374e-05 2.5610016638694685e-05 -4.974689639483683 -3.979761654837667 0.9949568277834024 1.989909357827138 -1.9899409417056353 1.9899485308336444 2.984860558654
137 1370 6.975611701367955e-05 0 63.67698004174209 0.9949674467970655 -2.4362156860184918e-05 8.708952053770952e-06 -4.9747045421944796 -3.9797588891131865 0.9949408796491555 1.989917078327226 -1.9899095338357007 1.989919225184774 2.9848603778560343
138 1380 6.65836968618524e-05 0 63.67698049838684 0.994981254612423 -7.929023393742542e-06 -6.623690674360715e-06 -4.974732797156261 -3.9797593767634774 0.9949842160676163 1.9898953510572843 -1.989932052738822 1.9899110282227546 2.9848515727089344
139 1390 5.879907066760702e-05 0 63.67698007341376 0.9949581159964216 7.206520798785177e-06 -1.7364745626914658e-05 -4.974714243152319 -3.9797657253108816 0.9949586970724401 1.989900088589908 -1.9899269202848744 1.9899195868317425 2.984833283972953
140 1400 5.4219795240048045e-05 0 63.676980186732166 0.9949589933962876 -3.088456021258919e-06 2.1438417810046686e-05 -4.974706889391388 -3.9797587056550285 0.9949440066808025 1.9899022587035957 -1.9899033832793158 1.9899396116646204 2.9848411801694623
141 1410 5.086501271725823e-05 0 63.67698007233019 0.9949765857746199 -9.01692772465101e-06 3.5813402441072215e-06 -4.974709235824092 -3.979778395757411 0.9949622523236478 1.9899310231702063 -1.989933912466618 1.9898918038209095 2.984845894101528
142 1420 4.9074369575667526e-05 0 63.67697997509542 0.9949694972245602 -2.475072880743019e-07 4.3103714610365384e-06 -4.974711916500613 -3.9797742075395464 0.9949392338205089 1.9899125317229827 -1.989925720027245 1.9898945750253325 2.9848455445489215
143 1430 4.628860641980162e-05 0 63.67698013535512 0.9949756137906405 -1.3263557918224381e-05 7.003159888223707e-06 -4.974713401026439 -3.979771242144852 0.9949366245147493 1.9899129431241955 -1.9899293266271285 1.9898898968773058 2.984856646840588
144 1440 4.604948789690889e-05 0 63.67697999174372 0.9949811752338303 -1.3207555088077985e-05 1.8037176505868688e-05 -4.9746995424062055 -3.979791023443285 0.9949646872376737 1.9899084093851722 -1.9899172373372798 1.9898904527443144 2.9848504846022177
145 1450 4.6638868365326175e-05 0 63.67697992168989 0.9949586767888547 3.678892732547255e-07 1.8855495224159344e-05 -4.974682778776702 -3.979761611767199 0.9949561935423152 1.9899110041239663 -1.9899000668056268 1.9899183540547623 2.984871067108116
146 1460 4.45723783962531e-05 0 63.676979873188394 0.994957186058595 1.829911938465675e-05 1.173808578858204e-05 -4.974697815949609 -3.979772137874171 0.9949714327944418 1.989914063983956 -1.9899044515555777 1.9899240694114595 2.9848465115211003
147 1470 4.419522341515722e-05 0 63.67697979033015 0.9949557035621677 9.799142960808822e-07 -9.470193501532301e-06 -4.974693761551732 -3.9797864310083737 0.9949591789892233 1.9899229472212718 -1.9899219687087473 1.9899296051281645 2.984863689032533
148 1480 4.0867836642646323e-05 0 63.67697980842111 0.99495256346516 5.230751355762017e-06 2.0562350703577006e-06 -4.974694142001766 -3.979769566629317 0.994949109703951 1.9899228558148527 -1.9899080820832773 1.989895572684032 2.984855017837623
149 1490 3.8749806448965805e-05 0 63.67697984383336 0.9949577893236111 7.321730738145505e-07 1.1164769448544671e-05 -4.974684269753861 -3.9797830237893286 0.9949634040259172 1.989894465592833 -1.989922470169882 1.989904613265793 2.9848724167943166
150 1500 3.681765326552578e-05 0 63.676979788907104 0.9949561722850861 4.538723862190463e-06 -1.4573194870792401e-05 -4.974700495408237 -3.979784513061451 0.9949570056426194 1.9898958720680215 -1.9899074617866408 1.9899102837306075 2.9848478980497606
151 1510 3.359489809022323e-05 0 63.67697972527369 0.9949618081219461 -6.34174342518333e-07 9.310075592963252e-07 -4.974701224633412 -3.979788230445223 0.9949646348865931 1.9899141600600552 -1.98991046310406 1.9898992173230572 2.984860175037429
152 1520 3.132658014910072e-05 0 63.6769796945734 0.9949619417374815 1.2731111201093266e-06 1.5265098132388887e-06 -4.974687566365462 -3.979781098275798 0.994967805133189 1.989915972655186 -1.9899169270206607 1.9899152768346815 2.9848617767237546
153 1530 2.8532191855451923e-05 0 63.67697973266922 0.9949603680381356 -2.3446684377058024e-06 -8.513559657924785e-06 -4.974683694825883 -3.979786120651126 0.9949668657024395 1.989901214304749 -1.98990810016303 1.9899077564163088 2.9848507515048133
154 1540 2.569374208810076e-05 0 63.67697973861714 0.9949513202691287 -7.98237834713002e-06 -1.3851633956566654e-06 -4.974683711233199 -3.979798470833413 0.994955510178496 1.989908392136573 -1.9899151121816665 1.9899106270486653 2.9848551477555563
155 1550 2.404604244851702e-05 0 63.676979689538435 0.9949608622392875 -2.3126872047442833e-06 1.6473951056900528e-06 -4.974693810154499 -3.9797804377782344 0.9949505247938865 1.9899128121538079 -1.9899167552452877 1.9899044491426146 2.9848555947525703
156 1560 2.1134670342665672e-05 0 63.67697969359264 0.9949642121655019 1.0329967951782297e-06 -5.602163345542618e-06 -4.974695510278916 -3.979787021775246 0.9949521740113587 1.9899098763577703 -1.9899123773591518 1.9899046954735726 2.9848537894106753
157 1570 1.8694197345344694e-05 0 63.67697966793523 0.9949600657524481 2.3138476460727953e-06 -6.590053381714819e-07 -4.974694222424449 -3.979787502722458 0.9949540678213469 1.9899102852239876 -1.9899137474732012 1.989914897170883 2.984853330130923
158 1580 1.6152135193251332e-05 0 63.676979668945904 0.9949620530561725 -2.9293951121505918e-06 -2.399227748641844e-06 -4.974695114989149 -3.979784026928263 0.9949618621597481 1.9899168678266368 -1.989912080555619 1.9899113928304406 2.9848545362106
159 1590 1.4306016347291212e-05 0 63.67697967398249 0.994959606221651 -4.114885342428634e-06 9.509135554293646e-07 -4.974689721470543 -3.9797885972300127 0.9949623690658714 1.9899121416479215 -1.989910823031541 1.9899136365707986 2.98484957573781
160 1600 1.3354968719735362e-05 0 63.676979671348946 0.994958837641964 4.163710618632306e-06 1.4960089261884158e-06 -4.974689256846976 -3.9797897721535005 0.9949569429069074 1.989912090935819 -1.9899078275249507 1.9899109407828695 2.984857442630127
161 1610 1.277648801472451e-05 0 63.67697966606427 0.9949597353664388 1.8046158004292161e-06 -1.6324324616266546e-06 -4.974688804872508 -3.9797833768862656 0.9949553006014885 1.9899079724583728 -1.9899100105086147 1.9899118265140399 2.984858992765108
162 1620 1.258565032068563e-05 0 63.67697967022187 0.9949607743645033 5.415502186147099e-07 -3.2788990273089426e-06 -4.974687671247557 -3.979787501238781 0.9949572714183081 1.9899079575489846 -1.9899146683011089 1.98991105497992 2.9848589048544953
163 1630 1.2257084785339222e-05 0 63.6769796620337 0.9949600845291715 -8.497515710381011e-07 -7.574717758828787e-07 -4.974688818414449 -3.9797809589469813 0.9949574026828906 1.9899115452384322 -1.9899103763786976 1.9899153566991565 2.9848533860094286
164 1640 1.1573299868102875e-05 0 63.676979663270856 0.9949622001834377 -5.278437850369579e-07 1.1929536882668984e-06 -4.974692692747016 -3.979785098164481 0.9949601527706535 1.9899098115598033 -1.9899107636274045 1.989914807192671 2.984858952056084
165 1650 1.085501776962304e-05 0 63.67697966832242 0.9949595617794831 -3.0212470247681025e-06 2.16549617481585e-06 -4.974689908642438 -3.9797834660598226 0.9949614875625112 1.9899096904923887 -1.9899094527425336 1.9899142282908855 2.984860930514014
166 1660 1.000699877217513e-05 0 63.67697966700124 0.994958988355433 2.208301925336857e-06 3.2616646477762886e-06 -4.974688581206862 -3.979781427284794 0.9949577293099786 1.9899084952583952 -1.9899100918545551 1.9899148055468248 2.9848586340184204
167 1670 9.130727053234467e-06 0 63.67697966063878 0.9949600225870733 2.5461328278408803e-06 3.931254496986281e-07 -4.974689237157423 -3.9797823265486265 0.9949578668122819 1.9899122263677798 -1.9899096356919126 1.9899146515650872 2.984857470886744
168 1680 8.078250618143386e-06 0 63.67697966112401 0.9949617080292642 1.845612751862432e-06 -1.5733474948864225e-06 -4.974689929434645 -3.9797833826578333 0.9949592330408762 1.9899118449338438 -1.9899101859698192 1.989914120346503 2.984858591123163
169 1690 7.3710065426241545e-06 0 63.67697965764083 0.9949587823299813 8.464763687020064e-07 -1.0562284387133106e-06 -4.97469054802634 -3.9797853973712263 0.9949587000975971 1.9899124096020488 -1.9899140148320271 1.9899142440500117 2.9848578288977867
170 1700 6.778924587657908e-06 0 63.67697966043039 0.9949570862821728 2.847248958001167e-06 -1.8787365773145354e-06 -4.974689295320222 -3.9797820243830877 0.9949574664915934 1.9899134871488464 -1.9899120797696148 1.9899146252894795 2.984856257201948
171 1710 6.239957882017263e-06 0 63.6769796565124 0.9949571566275287 2.6164104771973378e-06 -7.60597655213436e-07 -4.974692027133537 -3.979783417798214 0.9949587970205545 1.9899126139799452 -1.9899116172654514 1.9899126727310967 2.9848556850642978
172 1720 5.893668233477895e-06 0 63.67697965519448 0.9949581828874828 8.863839080221799e-07 -5.610088644649224e-07 -4.974691815627333 -3.9797842909517827 0.9949581100454279 1.9899128769484153 -1.9899130185818337 1.9899120564566561 2.9848568448530517
173 1730 5.6339003722330785e-06 0 63.67697965618817 0.9949589574271608 4.137663686613694e-07 -3.5412023278578944e-07 -4.974691410229721 -3.979783290382405 0.9949592960192968 1.9899108796242377 -1.9899142839166064 1.989910998212902 2.984854915140974
174 1740 5.330453007623727e-06 0 63.67697965599707 0.9949586289140758 1.233302225447942e-06 -6.269804794111102e-07 -4.974691361954826 -3.979783731224879 0.9949586397267959 1.9899117387296923 -1.989911638622516 1.9899102851024684 2.9848542711186634
175 1750 4.868553268725539e-06 0 63.67697965571484 0.9949583660285444 4.326168818901223e-07 -5.548796196253752e-07 -4.97469208658221 -3.9797821653381056 0.9949581964279238 1.989910997576036 -1.9899120158278378 1.9899111198098143 2.9848555273507213
176 1760 4.40342831336513e-06 0 63.6769796556767 0.9949574490142643 1.0773653515426642e-06 8.279894633908205e-08 -4.974690849838907 -3.97978356913118 0.994959116100108 1.989912088617418 -1.9899118654246062 1.9899124378220414 2.9848538638775133
177 1770 3.973815270447705e-06 0 63.67697965502444 0.9949584261710619 8.19402424884571e-07 7.06167530436305e-07 -4.974691540933533 -3.979784615021553 0.994958994007114 1.9899124510170878 -1.9899126567717003 1.9899127370675733 2.9848546768342215
178 1780 3.614802049398133e-06 0 63.67697965511143 0.9949585066439666 1.0472559321716878e-06 -3.974932199159948e-07 -4.97469206280937 -3.9797838729209887 0.9949592748175388 1.9899123572951736 -1.9899128550266063 1.9899132699649607 2.9848562449600924
179 1790 3.323727968024717e-06 0 63.67697965491314 0.9949584862672431 2.7736558072375382e-08 5.301776686479418e-07 -4.974690532025587 -3.979783875580546 0.9949580760559783 1.9899112746318683 -1.9899124361651381 1.989912573734395 2.9848563866587075
180 1800 2.9943488491118998e-06 0 63.67697965521144 0.9949585130265363 1.4361302202908743e-07 9.417900199025845e-07 -4.974690682340571 -3.979783200041316 0.9949590043792838 1.9899115259565896 -1.9899116224541804 1.989913186813353 2.9848564961183155
181 1810 2.5725170628340558e-06 0 63.676979654758654 0.9949581211120125 4.504729872648146e-07 -1.5118619303246076e-07 -4.9746904980576945 -3.9797839818390948 0.9949589974601495 1.9899118046597195 -1.9899126311970101 1.989912624921 2.984856142890733
182 1820 2.434134779443906e-06 0 63.67697965470015 0.9949578399363685 5.21022061544163e-07 3.018671023130744e-07 -4.974691401158751 -3.9797838192013066 0.9949587578353689 1.9899116419766703 -1.9899124189368627 1.9899117148974286 2.9848553127029165
183 1830 2.2372401571059027e-06 0 63.67697965466516 0.9949587054078388 -2.831528527567592e-07 8.016140649672645e-08 -4.974691412410411 -3.979782922655139 0.9949588787768934 1.989911908300619 -1.9899126941961078 1.9899120933788936 2.9848562333308237
184 1840 2.0648273642129757e-06 0 63.67697965461795 0.9949586306406223 4.6113849288177823e-07 5.318128980074691e-07 -4.974691491249401 -3.979783515767653 0.9949582727859281 1.9899115668556866 -1.9899126135251934 1.9899124594386668 2.984855611055947
185 1850 1.9324441183513646e-06 0 63.676979654646885 0.9949587386924666 -3.2751273603455807e-07 4.1797952178456956e-07 -4.974691596142736 -3.9797837950513677 0.9949591271343152 1.9899114358113077 -1.989911837767314 1.9899123285361482 2.9848552871487226
186 1860 1.7135305944514345e-06 0 63.676979654520174 0.9949584359417056 -1.7192364969122248e-07 3.693397541851891e-07 -4.974691431090813 -3.9797834400338634 0.9949587876241364 1.9899116055391768 -1.989912048773555 1.989912506302997 2.984855746892254
187 1870 1.6149655838812662e-06 0 63.676979654521766 0.9949586410758028 -2.8768732796575795e-07 5.265578723987402e-07 -4.974691325115075 -3.979783663611318 0.9949588050330835 1.9899126348475682 -1.9899121680738412 1.9899127849534954 2.984855840308348
188 1880 1.47388506337713e-06 0 63.676979654449696 0.9949582912514529 -1.9724910950490426e-07 3.14774148817266e-07 -4.974691448277564 -3.979783844567107 0.9949583157583932 1.9899122392881397 -1.9899123662313838 1.9899125487688727 2.984855429890311
189 1890 1.4072157938851211e-06 0 63.67697965442529 0.9949587835469857 -8.074160146900247e-08 4.149789585146666e-07 -4.974691678250426 -3.9797838220012403 0.9949588800232688 1.9899120149217806 -1.989912310546232 1.9899122509343627 2.9848555104183787
190 1900 1.416564183812186e-06 0 63.67697965438235 0.9949585878188814 -5.426764200301273e-08 1.9630024097522845e-07 -4.974691515188639 -3.9797839242051247 0.9949585502206018 1.9899122875334858 -1.9899123356594712 1.9899120203129315 2.9848554075894294
191 1910 1.3474640654947098e-06 0 63.676979654427996 0.9949588944117909 -3.5359216969955145e-07 3.3011368289968917e-07 -4.974691486027649 -3.9797839531448056 0.9949583154031764 1.9899122414662191 -1.989912235354107 1.989912215104962 2.9848555461145874
192 1920 1.2053914105015893e-06 0 63.67697965438901 0.9949584858872017 1.1108538219936011e-08 1.7199052387506112e-07 -4.974691415141831 -3.9797837274859096 0.9949586433098848 1.9899123233926785 -1.9899126017605286 1.9899124191807136 2.984855676106294
193 1930 1.062131676651003e-06 0 63.676979654425075 0.9949584767380034 -2.5069021944363677e-07 4.5353121050021754e-07 -4.974691266852614 -3.979784040864699 0.9949584221403 1.9899121030721783 -1.9899122905114146 1.9899121422948103 2.9848555833742125
194 1940 9.675123475324733e-07 0 63.676979654410985 0.9949587037676394 5.350557949603521e-08 2.089606804984049e-07 -4.974691170521401 -3.9797835861315893 0.994958561433692 1.9899119030950234 -1.989912150249368 1.989911990612115 2.9848556267502557
195 1950 9.507053886886193e-07 0 63.67697965438104 0.9949583151292778 1.353440878746954e-07 6.969518958670638e-08 -4.9746911939663265 -3.9797839140938387 0.9949586030912438 1.9899121452526707 -1.9899122340006796 1.9899124016998684 2.9848557587240006
196 1960 8.841519289166624e-07 0 63.67697965438143 0.9949583807041142 -3.125951711043861e-08 3.646701795273314e-08 -4.974691196454086 -3.979783791361861 0.9949587509792901 1.9899122799776072 -1.9899121557364383 1.9899122993652825 2.984855426414127
197 1970 8.407406945244934e-07 0 63.67697965437327 0.9949584579766142 1.1674293249159078e-07 7.163658727330303e-08 -4.9746911635223405 -3.979784053843287 0.9949585744040108 1.989912258658513 -1.9899120898116505 1.9899122870119037 2.9848556532758552
198 1980 8.093336502225715e-07 0 63.67697965437073 0.9949585766758016 7.478505726996356e-08 -1.1334144825030925e-07 -4.974691164527406 -3.979783878391391 0.9949585439326355 1.989912141203557 -1.9899119871810382 1.989912218610331 2.9848556264373163
199 1990 7.786337813647276e-07 0 63.676979654358114 0.9949586299061363 7.014475440928407e-08 6.004579328329541e-08 -4.974691269746184 -3.9797838846079703 0.994958668034096 1.9899121151562034 -1.9899120387482099 1.9899122725575968 2.984855577512936
200 2000 7.62882580970161e-07 0 63.67697965436537 0.9949585785682608 8.499160114868896e-08 -6.585199647386603e-09 -4.974691308749844 -3.979783915156135 0.9949586127494952 1.9899122507075 -1.9899119882201448 1.9899121075957587 2.984855520493684
201 2010 7.191920253027151e-07 0 63.67697965435869 0.9949585859216241 9.725822382129876e-08 -2.41176562787556e-07 -4.974691419038606 -3.979783852414562 0.9949585971727064 1.9899123480410068 -1.989912296362955 1.9899122497333128 2.984855622567598
202 2020 7.149639610919072e-07 0 63.67697965436309 0.9949585972007855 1.2805450834052597e-07 -7.700520664856021e-08 -4.9746915432765775 -3.979783798490507 0.9949585138302202 1.9899124533481773 -1.9899122827113196 1.9899121947933167 2.984855686987979
203 2030 6.241219424172704e-07 0 63.67697965436978 0.9949585381245549 3.639524862199118e-08 -4.070696330785045e-08 -4.9746911591174445 -3.9797837436811845 0.9949584363190065 1.9899123529841665 -1.989912129902026 1.9899123027425099 2.984855750045053
204 2040 5.906198549288435e-07 0 63.67697965435376 0.9949586409034247 9.059951223222897e-08 9.662445494391925e-08 -4.97469136921734 -3.979783955375844 0.9949585496107332 1.9899122978783401 -1.9899122530260138 1.9899120866207767 2.9848555983333793
205 2050 5.082154958759596e-07 0 63.67697965434853 0.9949585683694361 -4.2884879791350035e-08 -1.0806537532234714e-08 -4.974691345272075 -3.979783903039378 0.9949585609654794 1.9899123958522955 -1.9899121895261647 1.9899122392478867 2.984855715416186
206 2060 5.057013460497214e-07 0 63.676979654358504 0.9949586357442097 1.3995264174056692e-07 -1.5153361147436794e-08 -4.974691293115189 -3.9797837495130626 0.9949584448117939 1.9899122507062528 -1.9899123272284223 1.9899121789239045 2.9848557689358333
207 2070 5.160309951506821e-07 0 63.67697965435008 0.9949585565010798 4.5016678162351925e-09 -1.0487697586123191e-07 -4.974691408314358 -3.9797839167151943 0.9949585449174366 1.9899121746594615 -1.9899123488543076 1.9899121651382727 2.98485574184475
208 2080 4.902607611519033e-07 0 63.67697965434823 0.9949586020116463 7.528638645660963e-08 -5.9383040102546814e-08 -4.97469131735702 -3.9797838867442095 0.9949585617543113 1.989912305944848 -1.9899122048400615 1.9899123565944432 2.984855695586201
209 2090 4.538369615838307e-07 0 63.67697965434483 0.9949586510929075 -1.8296406999779025e-08 -1.27945620313778e-07 -4.9746914138221 -3.979783891155271 0.9949586060131216 1.989912230753829 -1.989912204597849 1.9899122336599278 2.984855622946496
210 2100 4.038497426528293e-07 0 63.67697965434712 0.9949587477074742 6.982621722840132e-08 -9.724862532008047e-08 -4.97469146081194 -3.979783852481384 0.9949586140785877 1.989912303519861 -1.9899122413994492 1.9899122346036546 2.984855669038792
211 2110 3.500240877560981e-07 0 63.676979654345054 0.9949586079575803 2.9495992815024613e-08 -7.791842430353299e-08 -4.974691450124146 -3.979783852713702 0.9949585788980388 1.989912304866044 -1.9899121702747273 1.989912278832916 2.9848556618780036
212 2120 3.26928653869128e-07 0 63.6769796543425 0.994958599111718 5.3842302087005375e-08 -5.702147545177392e-08 -4.974691358096815 -3.9797838604406666 0.994958613593798 1.9899121726214788 -1.9899121959038517 1.9899122239503935 2.984855697735721
213 2130 3.0811333588285625e-07 0 63.67697965434312 0.9949585759752057 -2.0735447790293804e-08 -1.8275693614426668e-08 -4.974691438558095 -3.9797838869560374 0.9949586607917895 1.9899122830125162 -1.9899121758514404 1.9899122813858001 2.9848556610135057
214 2140 2.9269332526244416e-07 0 63.676979654343256 0.9949586576485311 1.5628440277958978e-09 -3.689231018931381e-08 -4.974691395315928 -3.9797838689113436 0.9949586535098642 1.9899121473624493 -1.9899121633114163 1.9899121955083223 2.9848556524734464
215 2150 2.5802790443577437e-07 0 63.676979654342695 0.9949586309368773 -2.3137065814629462e-08 -6.462340134500484e-08 -4.974691449385224 -3.9797838989278143 0.9949586180938597 1.9899122865108665 -1.989912182557047 1.989912221634719 2.9848557022596243
216 2160 2.433257465062985e-07 0 63.67697965434154 0.9949586171581357 7.505005031415315e-09 -1.6125238284950748e-09 -4.974691443164158 -3.9797839113805953 0.9949586542313047 1.9899122837483978 -1.9899122334960755 1.9899122466645551 2.98485566935769
217 2170 2.3583009769366942e-07 0 63.6769796543417 0.9949586275884083 2.486505406098684e-08 -1.9453296718711185e-08 -4.974691388084575 -3.979783943654273 0.9949586312549833 1.9899122009894465 -1.989912250149618 1.9899122535417197 2.9848556736598035
218 2180 2.0878461860292477e-07 0 63.676979654341146 0.9949586146662859 -1.1184824734089032e-09 -7.103646725679394e-09 -4.974691423937566 -3.9797839194110796 0.9949586272581332 1.9899122317752074 -1.9899122577832677 1.9899121907823727 2.9848557027878626
219 2190 1.9340646629016705e-07 0 63.67697965434095 0.9949586195431983 4.1804234439388505e-08 -3.9797874648306726e-09 -4.974691401942777 -3.979783888332235 0.9949586229350194 1.9899122370059235 -1.9899122553728943 1.9899121805580484 2.9848557158899696
220 2200 1.8012304468056948e-07 0 63.67697965434061 0.9949586343844914 2.1361140182937524e-08 -5.770290594917267e-08 -4.9746914013530725 -3.979783877139516 0.9949586179054453 1.9899122269012002 -1.9899122344017908 1.9899122271165157 2.984855718593194
221 2210 1.6413001551309418e-07 0 63.6769796543414 0.9949586369023509 2.1952173258777786e-09 -4.602802972237846e-08 -4.97469143162299 -3.979783899205593 0.9949586092432016 1.9899122661473987 -1.9899122490084489 1.9899122377822398 2.984855740743219
222 2220 1.5902483500443347e-07 0 63.67697965434077 0.9949586663740838 1.582825514965919e-08 -5.813721704367317e-08 -4.97469141307936 -3.979783848879297 0.9949586347565519 1.9899122213853662 -1.9899122260392095 1.9899122149740516 2.984855714302334
223 2230 1.522234329189231e-07 0 63.67697965434034 0.9949586484375551 2.1956218683053227e-08 -4.8077645660402874e-08 -4.974691398498354 -3.979783854719052 0.9949586339330871 1.9899122327209695 -1.9899122419893196 1.989912243103439 2.984855722926346
224 2240 1.4161132194608086e-07 0 63.67697965433997 0.9949586219362371 2.5139189550692503e-08 -1.8579610014525182e-08 -4.974691403880822 -3.9797838554288734 0.9949586450245281 1.9899122358136219 -1.9899122430070963 1.9899122503659357 2.984855703363684
225 2250 1.334458947323079e-07 0 63.67697965434016 0.9949586057163173 2.931994386333696e-08 -1.864568597527444e-08 -4.974691385140878 -3.9797838752489034 0.9949586349164868 1.9899122353087142 -1.9899122340018929 1.9899122398357456 2.9848557154606343
226 2260 1.2955752608839313e-07 0 63.67697965434007 0.9949586109723786 -1.75416908142447e-08 4.774877905491133e-09 -4.974691381605376 -3.979783867485601 0.9949586334114354 1.989912204417106 -1.9899122198034511 1.9899122249693255 2.9848556978898313
227 2270 1.205113646394939e-07 0 63.67697965434004 0.994958619237424 1.2433211617153564e-08 5.234730931121176e-09 -4.974691389289053 -3.97978387254983 0.9949586428939428 1.989912230672354 -1.9899122444798092 1.989912250235483 2.9848556684532976
228 2280 1.2403776324078074e-07 0 63.676979654340315 0.9949586289773987 2.8020424853632214e-09 9.987475798095721e-09 -4.974691347953326 -3.9797838618056867 0.9949586503918413 1.9899122291631817 -1.9899122293012665 1.9899122246141792 2.9848556662531225
229 2290 1.197217856907175e-07 0 63.676979654339874 0.9949586478272048 -2.598607825523222e-08 7.1333548088298435e-09 -4.974691378357163 -3.9797838613041585 0.9949586400221356 1.9899122433607714 -1.9899122247635312 1.9899122408505714 2.9848556917561444
230 2300 1.0807044353541925e-07 0 63.67697965433986 0.9949586406871798 -1.2554182574070412e-08 -2.023856220317547e-08 -4.974691385864503 -3.979783854840687 0.9949586199892776 1.9899122306573893 -1.989912233317515 1.9899122413021928 2.9848556862913975
231 2310 1.0016416631421194e-07 0 63.67697965433978 0.9949586427936861 -1.6215724253562048e-08 -6.055923009701988e-09 -4.974691383694619 -3.9797838562018484 0.9949586228509879 1.9899122256706876 -1.989912232770979 1.9899122251616506 2.9848556901231977
232 2320 9.689968824142657e-08 0 63.676979654339874 0.9949586350710241 -2.717768121643095e-09 -7.947638877591578e-09 -4.974691399588273 -3.9797838604386473 0.9949586317652808 1.9899122228036952 -1.9899122139590975 1.9899122415354176 2.984855725068834
233 2330 9.654107958815842e-08 0 63.676979654339846 0.9949586342760067 4.241703202340966e-09 1.5872136583495707e-08 -4.974691391251235 -3.9797838391182485 0.9949586347596217 1.9899122224413073 -1.9899122482542555 1.989912225092902 2.984855703689357
234 2340 8.471728343184745e-08 0 63.67697965433972 0.9949586222042314 -7.24846165281218e-09 -4.635329406719889e-09 -4.974691396194254 -3.9797838643720422 0.9949586391609379 1.9899122308392418 -1.9899122379245306 1.9899122349926666 2.984855689066977
235 2350 7.806395945248999e-08 0 63.676979654339775 0.9949586355141707 -1.9273785258005536e-10 1.6959589261749187e-08 -4.974691384499716 -3.9797838729079076 0.9949586367920791 1.9899122392892328 -1.98991224270727 1.9899122454652407 2.984855691270009
236 2360 7.247228836276698e-08 0 63.676979654339746 0.9949586327617969 -3.738555364906737e-09 -4.055758564743094e-09 -4.974691397558731 -3.9797838561893886 0.9949586511061302 1.9899122443569557 -1.9899122381582293 1.9899122272265437 2.9848556863932045
237 2370 6.34662710490441e-08 0 63.676979654339654 0.9949586377742284 3.112748479055402e-09 6.8167677828234725e-09 -4.974691393618632 -3.979783858109283 0.9949586396662219 1.9899122330686212 -1.9899122430859602 1.989912230052284 2.984855695375984
238 2380 5.552966291290179e-08 0 63.67697965433965 0.9949586386595316 5.043192520608408e-09 -2.9966981255818273e-09 -4.97469138743506 -3.979783854173755 0.9949586321170232 1.9899122312640005 -1.9899122360447998 1.9899122381412149 2.9848557079388316
239 2390 4.9486065475612654e-08 0 63.676979654339654 0.9949586353065344 8.443131648975546e-09 -9.45696890195813e-10 -4.974691395348081 -3.9797838668543024 0.994958632299697 1.9899122311025064 -1.9899122310389132 1.9899122403957945 2.984855699172024
240 2400 4.554936576450082e-08 0 63.67697965433966 0.9949586382773158 1.1718528618982901e-08 2.6918997281998805e-09 -4.974691385334498 -3.97978385666311 0.9949586366128197 1.989912225517704 -1.9899122356125696 1.989912232830935 2.984855699852662
241 2410 4.03287282642663e-08 0 63.67697965433965 0.994958637139547 5.784165922375661e-09 -2.6266780878988416e-09 -4.974691394191104 -3.97978385563148 0.9949586397730457 1.9899122299478833 -1.989912237336349 1.989912237705738 2.9848557033261636
242 2420 3.907921631732492e-08 0 63.67697965433966 0.9949586367292532 -2.933946929999496e-09 -6.4079873649332185e-09 -4.974691397952915 -3.9797838659102824 0.9949586414797073 1.9899122399279079 -1.989912239440866 1.9899122320404456 2.9848556965450457
243 2430 3.768789100822882e-08 0 63.676979654339625 0.9949586379543679 -4.788820500739947e-09 -1.4556442367202454e-09 -4.974691391379503 -3.979783866708635 0.9949586362630894 1.9899122337449984 -1.98991223538635 1.9899122314093591 2.9848556997607614
244 2440 3.327945990079781e-08 0 63.67697965433964 0.9949586367028773 6.630182936807521e-09 3.702905234694159e-09 -4.9746913926653145 -3.9797838611178094 0.9949586373869218 1.9899122354189596 -1.9899122378309047 1.9899122392253732 2.9848557014957664
245 2450 3.085964785736369e-08 0 63.67697965433963 0.9949586415039298 5.755595545117424e-10 2.1510157514148417e-09 -4.974691390901902 -3.979783860924731 0.9949586405330616 1.989912235069908 -1.989912236896587 1.9899122342696642 2.9848557041948713
246 2460 2.7472645273884057e-08 0 63.67697965433962 0.9949586394395 2.5854057773823314e-09 2.1499151220041107e-09 -4.974691395309523 -3.979783860191033 0.9949586369254415 1.9899122314161841 -1.9899122350419136 1.9899122317968474 2.9848557001638816
247 2470 2.469927996574246e-08 0 63.67697965433963 0.9949586374590754 3.6922452606308827e-09 4.048562483677062e-09 -4.974691392902807 -3.9797838642038044 0.9949586397350217 1.9899122300820287 -1.9899122341812812 1.9899122303851593 2.984855699260917
